2.437931034482758441e-01 3.368794326241134618e-01
3.518803418803420624e-01 4.923076923076923350e-01
4.570000000000000173e-01 4.626865671641791078e-01
5.665517241379308677e-01 4.822335025380710682e-01
6.712162162162159662e-01 4.689265536723163930e-01
7.782474226804123596e-01 6.528497409326424750e-01
8.667123287671232301e-01 5.894039735099337873e-01
9.808333333333334458e-01 6.818181818181817677e-01
1.086122448979592203e+00 6.823529411764706065e-01
1.178955223880596925e+00 9.278350515463917869e-01
1.295714285714286040e+00 8.000000000000000444e-01
1.394659090909091237e+00 9.846153846153846700e-01
1.508666666666666156e+00 1.125000000000000000e+00
1.615135135135135069e+00 1.068965517241379226e+00
1.703235294117646959e+00 1.574999999999999956e+00
1.813235294117647278e+00 1.173913043478260976e+00
1.921212121212121593e+00 1.842105263157894690e+00
2.016190476190475867e+00 2.391304347826086918e+00
2.117142857142857437e+00 1.565217391304347894e+00
2.242916666666667336e+00 2.359999999999999876e+00
2.326999999999999957e+00 2.727272727272727071e+00
2.435000000000000053e+00 2.899999999999999911e+00
2.537999999999999812e+00 4.000000000000000000e+00
2.665000000000000036e+00 4.000000000000000000e+00
2.757500000000000284e+00 6.000000000000000000e+00
2.865000000000000213e+00 4.125000000000000000e+00
2.939999999999999947e+00 3.777777777777777679e+00
3.355999999999999428e+00 4.000000000000000000e+00
