YYYY,MM,DD,hh,mm,ss.ss,Lat(deg),Long(deg),depth(km),Magnitude
2014,02,02,05,44,49.19,37.641435,-118.998893,8.415,0.8
2014,02,02,08,12,41.15,37.630835,-119.021932,4.950,0.0
2014,02,02,08,48,14.24,37.630697,-119.021289,4.925,1.2
2014,02,02,09,43,45.56,37.631779,-119.019694,4.930,0.3
2014,02,02,12,50,11.49,37.632003,-119.022078,4.915,0.2
2014,02,02,14,58,29.53,37.631685,-119.022087,4.926,0.9
2014,02,02,15,51,17.94,37.631848,-119.021484,4.944,0.3
2014,02,02,22,00,25.64,37.631356,-119.021981,4.953,0.1
2014,02,02,22,01,08.00,37.631502,-119.021940,4.949,0.1
2014,02,02,23,45,04.02,37.632149,-119.024268,4.961,-0.2
2014,02,02,23,45,26.56,37.632149,-119.021981,4.901,0.1
2014,02,02,23,49,14.88,37.630172,-119.022550,4.924,0.1
2014,02,02,23,57,18.28,37.632186,-119.021387,4.934,0.1
2014,02,03,04,34,22.06,37.630367,-119.021517,4.975,0.8
2014,02,03,08,31,29.64,37.631555,-119.018660,4.905,0.1
2014,02,03,08,53,01.89,37.631396,-119.021631,4.948,1.2
2014,02,03,09,08,52.43,37.630888,-119.021916,4.946,0.1
2014,02,03,11,51,01.11,37.631132,-119.020101,4.902,0.5
2014,02,03,11,58,21.94,37.632174,-119.024902,4.790,0.4
2014,02,03,11,58,42.61,37.632133,-119.024886,4.793,1.3
2014,02,03,11,58,51.33,37.632121,-119.024666,4.763,1.8
2014,02,03,12,00,10.98,37.631824,-119.025000,4.805,1.2
2014,02,03,12,00,53.81,37.631942,-119.025000,4.804,0.3
2014,02,03,14,29,55.59,37.631799,-119.021493,4.944,0.6
2014,02,03,16,06,36.59,37.631832,-119.020068,4.889,0.3
2014,02,03,17,27,13.72,37.631506,-119.020215,4.897,0.5
2014,02,03,19,20,58.72,37.630904,-119.021509,4.912,0.1
2014,02,03,21,38,46.68,37.630766,-119.021948,4.956,0.3
2014,02,03,22,03,49.60,37.630994,-119.020776,4.875,0.3
2014,02,03,22,04,19.52,37.630949,-119.020760,4.887,0.6
2014,02,03,22,55,42.72,37.630750,-119.020451,4.892,0.1
2014,02,04,00,08,19.46,37.614954,-119.048486,5.255,0.2
2014,02,04,01,05,13.23,37.630257,-119.024740,4.792,0.4
2014,02,04,02,31,20.76,37.632308,-119.021826,4.914,0.9
2014,02,04,03,26,02.11,37.631401,-119.019995,4.895,0.6
2014,02,04,03,47,59.84,37.630876,-119.021647,4.919,0.1
2014,02,04,03,59,51.02,37.631580,-119.021541,4.961,1.0
2014,02,04,04,29,36.22,37.630607,-119.024341,4.806,0.3
2014,02,04,04,46,43.93,37.632467,-119.019727,4.923,0.1
2014,02,04,07,37,38.29,37.625854,-119.020337,5.081,0.2
2014,02,04,07,38,25.02,37.630998,-119.022038,4.893,0.2
2014,02,04,07,38,42.02,37.627136,-119.021118,5.118,0.6
2014,02,04,07,39,14.77,37.626786,-119.021468,5.168,0.9
2014,02,04,07,40,22.38,37.626973,-119.021313,5.150,0.5
2014,02,04,07,53,08.52,37.626213,-119.018840,6.269,0.1
2014,02,04,08,44,49.35,37.630941,-119.021615,4.915,0.1
2014,02,04,09,25,14.01,37.630265,-119.023071,4.961,1.5
2014,02,04,09,27,31.56,37.631486,-119.022298,4.944,1.8
2014,02,04,10,29,32.02,37.630798,-119.023519,4.788,0.6
2014,02,04,10,31,28.67,37.631352,-119.023291,4.893,0.1
2014,02,04,10,31,57.94,37.630424,-119.023242,5.032,0.6
2014,02,04,10,32,15.61,37.630697,-119.023755,4.826,0.3
2014,02,04,11,10,11.76,37.631283,-119.023381,4.788,-0.1
2014,02,04,11,12,19.21,37.630570,-119.023210,4.815,-0.1
2014,02,04,12,20,22.26,37.631128,-119.021289,4.935,0.1
2014,02,04,13,15,41.75,37.629692,-119.020793,4.938,1.5
2014,02,04,13,58,20.69,37.631616,-119.023356,4.772,-0.1
2014,02,04,14,26,53.56,37.631124,-119.021370,4.927,0.1
2014,02,04,14,29,54.14,37.628145,-119.021004,5.109,0.0
2014,02,04,14,33,17.94,37.631840,-119.022217,4.748,-0.3
2014,02,04,16,20,42.74,37.631075,-119.021265,4.927,0.3
2014,02,04,16,49,44.35,37.633207,-119.021997,4.941,-0.2
2014,02,04,17,09,32.32,37.631063,-119.020654,4.868,0.0
2014,02,04,17,10,28.20,37.628446,-119.020662,4.999,0.2
2014,02,04,17,35,38.52,37.631055,-119.021305,4.924,0.1
2014,02,04,18,12,50.64,37.631055,-119.022176,4.899,0.3
2014,02,04,18,28,04.00,37.632084,-119.021574,4.949,0.4
2014,02,04,18,57,43.08,37.628678,-119.020801,4.921,0.1
2014,02,04,18,58,12.56,37.629207,-119.020858,4.935,0.3
2014,02,04,19,48,58.14,37.631067,-119.021257,4.929,0.3
2014,02,04,20,13,01.00,37.630754,-119.022290,4.918,0.7
2014,02,04,20,42,36.64,37.630827,-119.021313,4.866,0.4
2014,02,04,21,18,19.20,37.631307,-119.020337,4.877,0.1
2014,02,04,21,47,36.72,37.631075,-119.021289,4.934,0.2
2014,02,04,21,49,54.68,37.631750,-119.021484,4.948,0.9
2014,02,04,22,37,16.04,37.632284,-119.021688,4.918,0.1
2014,02,04,22,48,06.00,37.628349,-119.020695,4.992,0.4
2014,02,04,22,53,37.00,37.631059,-119.021305,4.933,0.3
2014,02,04,22,56,44.60,37.631213,-119.021012,4.915,0.1
2014,02,04,23,01,49.56,37.630396,-119.021167,4.923,0.3
2014,02,04,23,42,32.04,37.632092,-119.021509,4.944,0.4
2014,02,05,00,42,03.00,37.631104,-119.021208,4.938,0.5
2014,02,05,01,03,11.63,37.631885,-119.021688,4.947,0.3
2014,02,05,01,10,45.50,37.632402,-119.021891,4.913,0.3
2014,02,05,01,18,16.20,37.631893,-119.019954,4.919,0.4
2014,02,05,02,24,21.75,37.631083,-119.021281,4.935,0.3
2014,02,05,02,29,14.16,37.631934,-119.021403,4.871,-0.3
2014,02,05,02,34,09.89,37.631213,-119.022062,4.902,0.4
2014,02,05,02,49,41.95,37.629447,-119.034188,4.690,0.2
2014,02,05,02,50,56.55,37.629268,-119.034725,4.615,0.4
2014,02,05,02,53,00.20,37.629016,-119.034855,4.718,0.1
2014,02,05,02,54,20.01,37.629447,-119.034139,4.684,0.1
2014,02,05,02,55,00.41,37.629513,-119.033797,4.664,0.7
2014,02,05,02,55,17.45,37.629407,-119.033887,4.651,0.6
2014,02,05,02,56,18.21,37.629395,-119.033919,4.646,0.6
2014,02,05,03,10,25.43,37.631055,-119.021419,4.931,0.1
2014,02,05,04,08,21.47,37.629220,-119.034049,4.610,-0.1
2014,02,05,04,15,23.07,37.631108,-119.021191,4.939,0.5
2014,02,05,05,01,58.45,37.631812,-119.021297,4.923,0.8
2014,02,05,05,03,54.16,37.631742,-119.021297,4.924,0.3
2014,02,05,05,07,42.32,37.631946,-119.021688,4.941,0.3
2014,02,05,05,08,45.40,37.631864,-119.021387,4.926,0.3
2014,02,05,05,25,16.54,37.630452,-119.022030,4.957,0.4
2014,02,05,05,31,43.26,37.632043,-119.020801,4.876,1.0
2014,02,05,05,36,36.77,37.631665,-119.021387,4.954,1.1
2014,02,05,05,44,16.70,37.632104,-119.021493,4.944,0.4
2014,02,05,05,50,01.00,37.630660,-119.021859,4.926,-0.3
2014,02,05,05,50,18.67,37.630644,-119.021761,4.946,0.1
2014,02,05,06,13,25.75,37.631588,-119.021753,4.915,0.1
2014,02,05,06,35,27.98,37.630721,-119.021948,4.925,-0.2
2014,02,05,06,42,58.24,37.630806,-119.020817,4.861,0.2
2014,02,05,06,44,10.20,37.630652,-119.021704,4.952,0.1
2014,02,05,06,44,39.24,37.631063,-119.021313,4.941,0.3
2014,02,05,07,26,35.11,37.631746,-119.021305,4.903,0.6
2014,02,05,07,35,48.86,37.630322,-119.022803,4.962,0.4
2014,02,05,07,37,12.03,37.631177,-119.020068,4.868,0.0
2014,02,05,07,41,02.00,37.631592,-119.021183,4.881,0.7
2014,02,05,07,43,35.67,37.630412,-119.022607,4.908,0.4
2014,02,05,07,48,44.92,37.632361,-119.020296,4.838,0.2
2014,02,05,08,21,39.53,37.632182,-119.021061,4.842,0.1
2014,02,05,08,41,24.46,37.626050,-119.022705,5.077,0.0
2014,02,05,08,50,01.00,37.631978,-119.021167,4.875,0.1
2014,02,05,08,55,56.87,37.628011,-119.020451,5.009,0.4
2014,02,05,08,56,15.02,37.628255,-119.020671,5.011,0.6
2014,02,05,08,56,34.22,37.632361,-119.020076,4.951,0.3
2014,02,05,08,59,35.98,37.631873,-119.021354,4.904,0.6
2014,02,05,08,59,57.82,37.631934,-119.021200,4.877,0.6
2014,02,05,09,04,14.33,37.631885,-119.021012,4.838,0.3
2014,02,05,09,08,06.00,37.631222,-119.021248,4.905,3.1
2014,02,05,09,10,45.69,37.632222,-119.020565,4.856,0.8
2014,02,05,09,15,42.71,37.631108,-119.029777,4.574,0.2
2014,02,05,09,18,04.22,37.632768,-119.028271,4.565,0.2
2014,02,05,09,19,27.13,37.632670,-119.019792,4.857,0.1
2014,02,05,09,25,26.11,37.629818,-119.024837,4.894,0.7
2014,02,05,09,27,28.77,37.633012,-119.026237,4.446,-0.1
2014,02,05,09,28,12.00,37.631368,-119.023568,4.724,0.0
2014,02,05,09,55,58.34,37.634391,-119.022241,4.453,0.5
2014,02,05,09,56,25.77,37.634355,-119.022648,4.415,0.3
2014,02,05,09,57,19.30,37.634196,-119.022884,4.494,0.1
2014,02,05,09,59,58.95,37.626534,-119.007747,5.721,0.0
2014,02,05,10,00,56.15,37.633757,-119.025350,4.473,0.2
2014,02,05,10,01,23.91,37.633687,-119.023836,4.765,0.0
2014,02,05,10,06,00.05,37.649593,-119.031445,0.507,0.3
2014,02,05,10,06,11.82,37.633447,-119.024959,4.433,0.3
2014,02,05,10,07,44.58,37.634672,-119.021077,4.404,0.3
2014,02,05,10,12,15.27,37.633167,-119.025618,4.493,0.0
2014,02,05,10,12,47.86,37.633651,-119.025960,4.469,0.3
2014,02,05,10,13,06.81,37.633455,-119.025049,4.731,0.7
2014,02,05,10,14,39.65,37.633468,-119.024634,4.459,0.7
2014,02,05,10,16,49.52,37.631873,-119.020150,4.895,0.1
2014,02,05,10,20,18.22,37.632711,-119.029329,4.462,0.6
2014,02,05,10,23,39.67,37.632548,-119.030314,4.628,0.3
2014,02,05,10,24,31.20,37.632572,-119.028776,4.732,-0.2
2014,02,05,10,25,45.24,37.633223,-119.028988,4.392,-0.4
2014,02,05,10,26,01.94,37.633744,-119.029191,4.386,1.8
2014,02,05,10,27,05.74,37.633883,-119.027694,4.415,1.5
2014,02,05,10,27,17.65,37.633736,-119.027352,4.477,1.7
2014,02,05,10,28,36.75,37.631384,-119.028320,4.519,0.4
2014,02,05,10,29,06.74,37.633219,-119.024764,4.527,0.4
2014,02,05,10,32,03.84,37.634082,-119.023478,4.462,0.9
2014,02,05,10,32,53.91,37.633980,-119.026025,4.518,1.0
2014,02,05,10,34,06.77,37.632996,-119.028231,4.216,1.0
2014,02,05,10,34,47.63,37.622172,-119.057780,0.966,1.2
2014,02,05,10,34,57.52,37.633826,-119.029036,4.389,0.8
2014,02,05,10,37,23.59,37.632015,-119.024959,4.624,0.1
2014,02,05,10,38,31.75,37.633565,-119.027067,4.462,0.3
2014,02,05,10,40,15.36,37.633325,-119.027645,4.503,-0.1
2014,02,05,10,40,25.73,37.633964,-119.026416,4.463,0.3
2014,02,05,10,40,58.88,37.630632,-119.030070,4.634,0.4
2014,02,05,10,43,00.44,37.633024,-119.023755,4.638,0.1
2014,02,05,10,45,01.74,37.633472,-119.027783,4.459,0.0
2014,02,05,10,47,15.39,37.632735,-119.030412,4.730,-0.3
2014,02,05,10,47,55.18,37.633500,-119.014966,6.583,-0.1
2014,02,05,10,56,05.85,37.633317,-119.025627,4.458,0.0
2014,02,05,11,00,55.69,37.630452,-119.031771,4.596,0.3
2014,02,05,11,01,00.03,37.630668,-119.033748,4.546,-0.2
2014,02,05,11,02,23.72,37.628678,-119.032690,5.105,0.1
2014,02,05,11,04,08.68,37.630452,-119.031413,4.785,0.2
2014,02,05,11,04,23.02,37.631095,-119.031242,4.741,0.1
2014,02,05,11,06,51.80,37.631226,-119.032471,4.355,-0.3
2014,02,05,11,10,53.72,37.615190,-119.062793,11.719,0.2
2014,02,05,11,14,00.40,37.635535,-119.020207,4.852,-0.2
2014,02,05,11,39,37.15,37.630371,-119.032007,4.570,0.6
2014,02,05,11,45,16.08,37.632194,-119.026864,4.658,0.0
2014,02,05,11,59,41.62,37.629492,-119.073421,5.192,0.3
2014,02,05,12,05,02.95,37.627153,-119.029655,7.738,1.1
2014,02,05,12,05,49.41,37.634172,-119.023413,4.409,0.0
2014,02,05,12,17,57.90,37.633809,-119.030021,4.359,0.5
2014,02,05,12,23,09.89,37.631877,-119.021688,4.945,0.4
2014,02,05,12,32,53.03,37.632625,-119.031494,4.336,-0.2
2014,02,05,12,34,46.00,37.633329,-119.027686,4.573,0.2
2014,02,05,12,36,16.89,37.633573,-119.028597,4.461,0.1
2014,02,05,12,39,03.65,37.633341,-119.020573,4.456,0.0
2014,02,05,12,42,26.95,37.631714,-119.025480,4.690,0.2
2014,02,05,12,53,27.61,37.635274,-119.021419,4.450,0.5
2014,02,05,12,55,01.64,37.635433,-119.020882,4.425,0.4
2014,02,05,12,55,08.64,37.635518,-119.020931,4.438,0.7
2014,02,05,12,55,40.37,37.636287,-119.027433,1.858,0.0
2014,02,05,13,07,44.27,37.632426,-119.030697,4.606,0.2
2014,02,05,13,14,00.00,37.631840,-119.021509,4.933,0.2
2014,02,05,13,32,58.27,37.630379,-119.023885,4.870,0.3
2014,02,05,13,47,16.13,37.630404,-119.024072,4.906,0.2
2014,02,05,14,11,42.99,37.632117,-119.021501,4.949,0.5
2014,02,05,15,03,39.89,37.631755,-119.021460,4.941,0.6
2014,02,05,15,42,56.54,37.634863,-119.024113,4.210,0.0
2014,02,05,16,01,44.29,37.631881,-119.021436,4.930,0.4
2014,02,05,16,09,10.64,37.631026,-119.021313,4.938,0.4
2014,02,05,17,14,34.48,37.632837,-119.021411,4.932,0.9
2014,02,05,17,16,10.48,37.629443,-119.023999,4.997,0.0
2014,02,05,17,17,00.80,37.629464,-119.024235,4.889,0.3
2014,02,05,17,37,16.88,37.631661,-119.021460,4.915,0.1
2014,02,05,18,32,27.30,37.629057,-119.022111,4.710,0.1
2014,02,05,19,19,23.84,37.632064,-119.021525,4.946,0.6
2014,02,05,19,53,41.96,37.630888,-119.021672,4.931,0.4
2014,02,05,20,29,06.00,37.631307,-119.020573,4.895,0.1
2014,02,05,20,42,03.00,37.631364,-119.020605,4.899,0.3
2014,02,05,20,50,16.80,37.636686,-119.021232,4.475,0.7
2014,02,05,21,05,34.44,37.631995,-119.020378,4.871,0.1
2014,02,05,21,44,39.42,37.630294,-119.022217,4.971,0.3
2014,02,05,22,14,15.20,37.625924,-119.022192,5.248,1.0
2014,02,05,22,17,44.12,37.627327,-119.021395,5.175,-0.1
2014,02,05,23,08,17.80,37.631848,-119.021533,4.949,0.5
2014,02,05,23,15,09.00,37.632109,-119.021549,4.945,0.8
2014,02,05,23,27,45.92,37.632601,-119.022428,4.908,0.0
2014,02,05,23,51,34.56,37.630017,-119.024300,5.068,0.0
2014,02,05,23,52,49.04,37.631197,-119.022412,4.882,0.2
2014,02,05,23,53,01.56,37.630648,-119.024919,5.033,-0.3
2014,02,05,23,53,15.76,37.630583,-119.024504,4.803,0.1
2014,02,06,01,13,15.25,37.631283,-119.020337,4.892,0.4
2014,02,06,01,57,44.83,37.630847,-119.021663,4.928,0.3
2014,02,06,02,08,17.03,37.629830,-119.023039,4.946,-0.1
2014,02,06,02,18,13.62,37.630680,-119.021769,4.947,0.1
2014,02,06,02,28,57.31,37.631478,-119.020101,4.876,0.1
2014,02,06,02,40,02.89,37.632548,-119.021533,4.932,-0.3
2014,02,06,02,43,32.97,37.632589,-119.020728,4.907,0.1
2014,02,06,02,48,39.91,37.630168,-119.022795,4.927,-0.3
2014,02,06,03,02,09.00,37.631803,-119.021427,4.930,0.1
2014,02,06,03,10,22.30,37.632511,-119.020662,4.926,0.4
2014,02,06,03,15,54.99,37.631750,-119.034448,4.855,-0.2
2014,02,06,03,17,56.68,37.631002,-119.021330,4.940,0.4
2014,02,06,03,23,32.80,37.630607,-119.021729,4.908,-0.1
2014,02,06,03,23,59.02,37.632137,-119.021452,4.943,0.8
2014,02,06,03,35,27.56,37.631763,-119.021281,4.958,-0.1
2014,02,06,03,47,16.48,37.631506,-119.021785,4.911,0.4
2014,02,06,03,53,09.89,37.630684,-119.023771,4.883,0.3
2014,02,06,04,09,22.51,37.630387,-119.022738,4.866,0.0
2014,02,06,04,19,50.79,37.629985,-119.021899,4.969,0.1
2014,02,06,04,28,03.89,37.630074,-119.021981,4.950,-0.3
2014,02,06,04,38,27.25,37.630184,-119.022526,4.956,0.1
2014,02,06,04,46,52.25,37.630347,-119.022510,4.917,0.4
2014,02,06,05,08,18.82,37.630514,-119.022054,4.923,0.1
2014,02,06,05,33,42.77,37.630143,-119.022461,4.935,-0.3
2014,02,06,05,42,42.53,37.630990,-119.021330,4.939,0.4
2014,02,06,05,45,09.31,37.631718,-119.025757,4.735,0.0
2014,02,06,06,27,49.69,37.628585,-119.020150,5.152,0.1
2014,02,06,06,33,02.89,37.631148,-119.021981,4.902,0.4
2014,02,06,06,35,11.44,37.631075,-119.021940,4.900,0.5
2014,02,06,06,43,17.63,37.630656,-119.022437,4.915,0.4
2014,02,06,06,50,03.00,37.630998,-119.021273,4.937,0.5
2014,02,06,06,52,34.13,37.630664,-119.021688,4.907,-0.3
2014,02,06,07,07,49.19,37.630782,-119.022192,4.902,0.4
2014,02,06,07,45,13.41,37.631930,-119.021468,4.924,0.4
2014,02,06,07,52,13.52,37.631718,-119.021395,4.942,0.6
2014,02,06,08,25,44.32,37.632027,-119.021436,4.942,0.9
2014,02,06,08,49,50.90,37.631010,-119.021346,4.937,0.4
2014,02,06,09,02,05.00,37.632532,-119.021403,4.921,-0.2
2014,02,06,10,08,52.00,37.632483,-119.022355,4.868,-0.2
2014,02,06,10,44,06.00,37.631018,-119.021338,4.933,0.6
2014,02,06,11,00,56.80,37.629806,-119.022209,4.980,0.3
2014,02,06,11,04,09.89,37.633134,-119.022087,4.890,0.6
2014,02,06,11,15,27.69,37.631026,-119.021436,4.939,0.6
2014,02,06,11,30,28.88,37.632133,-119.021737,4.945,0.1
2014,02,06,12,02,33.98,37.631543,-119.021802,4.916,0.4
2014,02,06,12,36,39.43,37.630379,-119.022380,4.930,0.4
2014,02,06,13,00,28.80,37.630379,-119.022909,4.893,0.4
2014,02,06,13,01,26.06,37.630070,-119.022811,4.937,0.4
2014,02,06,13,03,04.11,37.631392,-119.020280,4.859,-0.2
2014,02,06,13,10,35.46,37.631901,-119.021541,4.928,0.9
2014,02,06,13,39,31.35,37.629818,-119.023739,4.937,-0.1
2014,02,06,13,43,37.18,37.631051,-119.021403,4.937,0.9
2014,02,06,13,45,58.60,37.631405,-119.020190,4.898,0.3
2014,02,06,14,09,00.79,37.630501,-119.023991,4.896,0.3
2014,02,06,14,33,45.64,37.629720,-119.022388,4.985,0.1
2014,02,06,14,50,54.88,37.641077,-119.022892,7.101,0.1
2014,02,06,15,01,36.67,37.632145,-119.021639,4.947,0.6
2014,02,06,15,13,55.82,37.630082,-119.022518,4.943,0.1
2014,02,06,15,37,17.05,37.631368,-119.021574,4.935,0.8
2014,02,06,15,40,15.65,37.631694,-119.021305,4.877,0.4
2014,02,06,16,19,40.70,37.631022,-119.021493,4.937,0.9
2014,02,06,16,24,57.60,37.625378,-119.021997,5.325,0.0
2014,02,06,16,29,03.89,37.630050,-119.022729,4.924,0.1
2014,02,06,16,52,35.75,37.632109,-119.021549,4.943,1.1
2014,02,06,17,08,23.84,37.632739,-119.020565,4.818,0.8
2014,02,06,17,21,52.24,37.633769,-119.021476,4.878,0.1
2014,02,06,17,23,32.92,37.633663,-119.021582,4.882,0.3
2014,02,06,18,12,12.08,37.629683,-119.022762,4.957,0.0
2014,02,06,18,20,03.00,37.630855,-119.021948,4.899,0.1
2014,02,06,18,39,41.16,37.630518,-119.022078,4.915,0.0
2014,02,06,18,52,55.14,37.631799,-119.021419,4.923,0.0
2014,02,06,19,02,23.38,37.631063,-119.021362,4.938,0.6
2014,02,06,19,27,23.72,37.632243,-119.021989,4.939,0.9
2014,02,06,19,32,04.00,37.632064,-119.021452,4.944,0.6
2014,02,06,19,39,15.40,37.629789,-119.023763,4.987,0.1
2014,02,06,20,05,07.00,37.630562,-119.020972,4.876,0.1
2014,02,06,20,19,18.20,37.631051,-119.022160,4.899,0.0
2014,02,06,20,23,16.36,37.631812,-119.021379,4.917,-0.2
2014,02,06,20,35,33.30,37.632043,-119.016593,5.397,0.3
2014,02,06,21,30,02.64,37.636133,-119.027580,4.888,1.9
2014,02,06,22,14,43.08,37.631034,-119.021452,4.939,0.9
2014,02,06,22,22,56.44,37.630180,-119.022127,5.032,-0.3
2014,02,06,22,23,01.78,37.630160,-119.022461,5.002,0.1
2014,02,06,22,32,03.00,37.630550,-119.022225,4.923,0.4
2014,02,06,22,42,15.20,37.632052,-119.021476,4.939,1.1
2014,02,06,22,44,13.96,37.631921,-119.019963,4.912,0.3
2014,02,06,22,46,28.80,37.629915,-119.024194,4.926,0.1
2014,02,06,22,53,07.00,37.630119,-119.021956,4.940,0.1
2014,02,06,23,06,29.52,37.630538,-119.021753,4.914,0.1
2014,02,06,23,15,25.52,37.630180,-119.022624,4.953,0.9
2014,02,06,23,20,56.36,37.631535,-119.021810,4.916,0.6
2014,02,06,23,22,04.00,37.630750,-119.022192,4.899,0.1
2014,02,06,23,56,33.80,37.632015,-119.021427,4.949,0.1
2014,02,07,00,15,45.60,37.631079,-119.021891,4.892,0.0
2014,02,07,00,25,14.23,37.629989,-119.022021,4.969,0.3
2014,02,07,00,39,00.89,37.629521,-119.022843,4.958,0.1
2014,02,07,00,42,17.71,37.631482,-119.022095,4.923,1.4
2014,02,07,00,48,25.04,37.631042,-119.021387,4.945,0.6
2014,02,07,00,51,01.89,37.629818,-119.023112,4.937,0.0
2014,02,07,01,24,53.29,37.628182,-119.022591,5.040,-0.1
2014,02,07,01,59,20.82,37.630371,-119.022030,4.925,0.8
2014,02,07,02,03,15.02,37.632633,-119.022176,4.877,0.4
2014,02,07,02,09,31.32,37.629871,-119.022078,4.952,0.4
2014,02,07,02,10,08.89,37.629944,-119.022225,4.953,0.1
2014,02,07,02,13,57.89,37.631315,-119.018579,4.883,0.1
2014,02,07,02,14,56.23,37.631384,-119.018717,4.845,-0.3
2014,02,07,02,28,39.31,37.630477,-119.022616,4.906,0.1
2014,02,07,02,36,08.00,37.632658,-119.022274,4.886,0.4
2014,02,07,02,41,49.48,37.631095,-119.020378,4.847,0.0
2014,02,07,02,42,29.41,37.630253,-119.022355,5.057,-0.2
2014,02,07,02,48,04.00,37.631095,-119.021257,4.932,0.3
2014,02,07,02,53,20.82,37.630408,-119.022591,4.889,0.0
2014,02,07,03,01,21.69,37.631816,-119.021606,4.937,0.4
2014,02,07,03,06,34.87,37.630404,-119.022770,4.885,0.1
2014,02,07,03,12,21.03,37.631897,-119.021533,4.926,0.6
2014,02,07,03,50,17.48,37.630806,-119.021704,4.928,0.3
2014,02,07,04,08,00.89,37.633228,-119.021720,4.939,0.3
2014,02,07,04,12,18.60,37.637618,-119.017244,4.872,0.0
2014,02,07,04,37,03.00,37.632690,-119.021631,4.926,1.5
2014,02,07,04,41,01.89,37.631071,-119.021460,4.945,0.6
2014,02,07,04,41,07.89,37.632174,-119.021549,4.952,0.9
2014,02,07,04,44,10.44,37.631014,-119.020646,4.869,0.0
2014,02,07,04,54,45.76,37.630066,-119.020939,4.932,0.2
2014,02,07,04,59,09.11,37.629102,-119.020776,4.939,0.1
2014,02,07,05,13,05.67,37.594344,-119.011279,4.642,0.2
2014,02,07,05,40,53.71,37.631730,-119.021379,4.949,0.1
2014,02,07,06,06,54.63,37.631978,-119.021354,4.949,0.3
2014,02,07,06,44,58.66,37.632227,-119.021785,4.952,0.5
2014,02,07,06,46,39.42,37.630448,-119.021069,4.928,0.7
2014,02,07,06,57,31.68,37.631063,-119.021403,4.940,0.4
2014,02,07,07,20,51.28,37.630017,-119.022095,4.948,0.4
2014,02,07,07,55,58.64,37.634224,-119.019922,5.232,0.6
2014,02,07,08,06,02.89,37.629675,-119.022233,4.970,0.3
2014,02,07,08,17,20.98,37.631661,-119.021322,4.897,0.0
2014,02,07,08,23,18.08,37.632898,-119.022339,4.890,1.2
2014,02,07,08,26,56.91,37.633350,-119.022445,4.952,0.8
2014,02,07,08,35,11.33,37.631812,-119.021582,4.924,0.0
2014,02,07,09,10,58.98,37.633553,-119.019743,5.707,0.3
2014,02,07,09,15,38.67,37.631124,-119.021981,4.903,0.3
2014,02,07,09,16,03.89,37.630981,-119.022030,4.908,0.8
2014,02,07,09,22,50.95,37.631991,-119.023079,5.105,0.3
2014,02,07,09,26,49.00,37.631104,-119.021370,4.939,0.6
2014,02,07,09,56,27.01,37.630481,-119.022550,4.886,0.2
2014,02,07,10,20,08.00,37.630522,-119.021118,4.900,0.7
2014,02,07,10,22,31.99,37.631169,-119.023617,4.796,0.0
2014,02,07,10,24,54.73,37.630933,-119.022306,4.857,0.4
2014,02,07,10,27,19.24,37.631991,-119.021379,4.959,1.1
2014,02,07,10,27,35.71,37.631759,-119.021452,4.951,0.1
2014,02,07,10,34,43.23,37.631669,-119.022437,4.774,0.0
2014,02,07,10,35,06.11,37.631506,-119.022534,4.783,0.5
2014,02,07,10,52,40.57,37.631498,-119.023006,4.731,-0.1
2014,02,07,11,04,18.35,37.630924,-119.022453,4.919,0.3
2014,02,07,11,24,15.14,37.632345,-119.021615,4.956,-0.2
2014,02,07,11,40,04.10,37.628263,-119.020638,4.992,0.4
2014,02,07,11,46,01.89,37.631531,-119.021859,4.919,0.4
2014,02,07,11,54,54.78,37.630131,-119.022738,4.920,0.4
2014,02,07,12,13,54.47,37.629663,-119.022306,4.966,0.1
2014,02,07,12,14,50.49,37.628389,-119.020776,5.007,0.0
2014,02,07,12,36,47.99,37.631136,-119.021883,4.886,0.1
2014,02,07,13,02,50.64,37.631909,-119.021688,4.944,0.3
2014,02,07,13,07,28.72,37.630530,-119.022778,4.927,0.0
2014,02,07,13,08,02.89,37.630400,-119.022852,4.930,-0.1
2014,02,07,13,19,56.76,37.632267,-119.021712,4.914,0.5
2014,02,07,14,34,44.62,37.631030,-119.021427,4.941,0.6
2014,02,07,14,37,52.19,37.631051,-119.023063,4.810,0.3
2014,02,07,14,38,19.33,37.630493,-119.025236,4.807,0.3
2014,02,07,14,38,55.25,37.630363,-119.025203,4.807,0.5
2014,02,07,15,10,43.69,37.629956,-119.024829,4.975,0.0
2014,02,07,15,21,58.57,37.633480,-119.021427,4.919,0.1
2014,02,07,15,35,41.14,37.631702,-119.021265,4.895,0.1
2014,02,07,15,38,14.61,37.629769,-119.022176,4.985,0.1
2014,02,07,15,43,48.48,37.632015,-119.021484,4.915,0.1
2014,02,07,15,45,49.87,37.633533,-119.020809,4.723,0.3
2014,02,07,15,47,20.46,37.633114,-119.021948,4.816,0.1
2014,02,07,15,49,16.66,37.633150,-119.021045,4.816,0.3
2014,02,07,15,52,30.67,37.632975,-119.022502,4.823,0.1
2014,02,07,17,17,15.48,37.629618,-119.022428,4.980,0.2
2014,02,07,17,49,03.00,37.632023,-119.021582,4.947,1.4
2014,02,07,18,39,21.76,37.631067,-119.022363,4.913,0.5
2014,02,07,18,39,54.36,37.630294,-119.022331,4.926,0.6
2014,02,07,18,50,08.00,37.631136,-119.021297,4.937,0.4
2014,02,07,18,58,40.08,37.632279,-119.021785,5.072,0.7
2014,02,07,19,07,28.48,37.631539,-119.021875,4.914,0.6
2014,02,07,19,41,01.00,37.631873,-119.021826,4.941,1.0
2014,02,07,19,48,50.92,37.631344,-119.022168,4.917,0.4
2014,02,07,19,56,38.28,37.630253,-119.022616,4.905,0.6
2014,02,07,20,05,42.92,37.630790,-119.022355,4.910,-0.1
2014,02,07,20,13,36.28,37.631596,-119.021493,4.970,-0.1
2014,02,07,20,16,12.96,37.631685,-119.022013,4.893,0.7
2014,02,07,20,27,16.66,37.629508,-119.022485,5.006,0.5
2014,02,07,20,28,11.92,37.632161,-119.021549,4.956,0.6
2014,02,07,20,40,09.24,37.636141,-119.020760,4.405,0.0
2014,02,07,21,19,03.70,37.625273,-119.041951,3.935,0.2
2014,02,07,21,20,02.72,37.625496,-119.042716,3.866,0.1
2014,02,07,21,23,49.48,37.631925,-119.021753,4.956,0.7
2014,02,07,21,40,16.60,37.630831,-119.022282,4.914,1.1
2014,02,07,21,40,49.88,37.629952,-119.022127,4.958,0.3
2014,02,07,21,48,00.00,37.629708,-119.022852,4.941,0.0
2014,02,07,22,27,35.48,37.631429,-119.021541,4.933,0.8
2014,02,07,22,30,45.36,37.628898,-119.024707,5.020,0.2
2014,02,07,22,35,37.84,37.629692,-119.023690,4.949,1.3
2014,02,07,22,37,46.00,37.631982,-119.021379,4.948,1.0
2014,02,07,23,31,01.00,37.631612,-119.021427,4.956,0.3
2014,02,07,23,49,54.44,37.631193,-119.022339,4.942,0.4
2014,02,07,23,58,09.00,37.631222,-119.021899,4.888,0.2
2014,02,08,00,29,21.23,37.631462,-119.021216,4.878,0.1
2014,02,08,00,48,11.25,37.631372,-119.020524,4.870,-0.2
2014,02,08,00,55,19.52,37.633154,-119.022266,4.954,0.6
2014,02,08,00,59,04.00,37.632560,-119.020662,4.932,0.4
2014,02,08,01,19,21.57,37.632328,-119.021655,4.936,1.5
2014,02,08,01,41,39.56,37.633301,-119.022257,4.825,0.1
2014,02,08,01,50,19.14,37.633667,-119.021883,4.845,0.2
2014,02,08,03,16,32.00,37.631600,-119.021460,4.967,0.4
2014,02,08,03,30,15.26,37.632524,-119.020776,4.921,0.2
2014,02,08,03,42,38.46,37.624736,-119.023999,5.199,0.6
2014,02,08,03,46,30.88,37.631755,-119.021395,4.896,0.5
2014,02,08,03,46,52.89,37.631795,-119.021688,4.943,0.1
2014,02,08,03,50,31.90,37.631531,-119.021899,4.921,0.6
2014,02,08,04,09,49.75,37.631095,-119.021403,4.954,0.5
2014,02,08,04,32,29.44,37.595878,-119.012484,4.809,0.1
2014,02,08,04,59,05.99,37.629708,-119.023918,4.991,0.1
2014,02,08,05,00,20.25,37.631657,-119.022534,4.916,0.2
2014,02,08,05,02,11.63,37.625366,-119.022974,5.201,0.9
2014,02,08,05,22,22.72,37.631881,-119.021842,4.971,0.3
2014,02,08,05,38,51.75,37.608622,-119.035872,9.185,0.4
2014,02,08,06,33,05.89,37.632385,-119.021712,4.950,0.9
2014,02,08,07,00,06.00,37.630892,-119.021737,4.926,-0.1
2014,02,08,07,01,33.46,37.632430,-119.021574,4.963,0.1
2014,02,08,07,05,37.53,37.629419,-119.023975,4.915,-0.1
2014,02,08,07,20,14.26,37.632869,-119.021785,4.946,0.2
2014,02,08,08,04,46.90,37.631555,-119.021436,4.953,0.5
2014,02,08,08,09,00.00,37.632011,-119.020972,4.934,1.9
2014,02,08,08,34,59.73,37.629435,-119.022038,4.992,0.0
2014,02,08,08,51,57.48,37.632536,-119.020605,4.960,1.2
2014,02,08,08,56,27.22,37.632104,-119.021818,4.979,0.3
2014,02,08,09,13,32.80,37.629842,-119.022412,4.975,0.5
2014,02,08,09,16,18.57,37.630265,-119.022656,4.953,0.4
2014,02,08,09,17,04.90,37.631156,-119.022030,4.885,0.2
2014,02,08,09,23,48.52,37.630225,-119.021216,4.933,0.7
2014,02,08,09,26,33.36,37.635579,-119.062476,3.460,0.2
2014,02,08,09,28,21.14,37.634981,-119.023779,4.305,0.1
2014,02,08,09,29,52.75,37.647164,-119.025586,1.732,0.3
2014,02,08,09,38,29.00,37.635368,-119.022135,4.207,0.5
2014,02,08,09,39,10.20,37.635254,-119.021191,4.210,0.7
2014,02,08,09,41,44.14,37.635486,-119.022591,4.204,0.3
2014,02,08,09,41,51.70,37.622721,-119.014119,5.857,0.4
2014,02,08,09,43,20.35,37.669255,-119.023682,4.799,0.7
2014,02,08,09,47,20.94,37.635649,-119.022762,4.160,0.0
2014,02,08,09,58,53.15,37.629586,-119.022664,5.029,-0.1
2014,02,08,10,10,16.63,37.631026,-119.021379,4.953,0.1
2014,02,08,10,17,01.89,37.629899,-119.023340,4.939,0.0
2014,02,08,10,19,00.03,37.635815,-119.023136,4.213,0.0
2014,02,08,10,22,25.90,37.632686,-119.028979,4.131,0.9
2014,02,08,10,43,24.96,37.632609,-119.021639,4.964,0.3
2014,02,08,10,53,21.53,37.630904,-119.022225,4.892,0.3
2014,02,08,11,35,06.85,37.634131,-119.021851,4.461,0.8
2014,02,08,11,35,20.29,37.635970,-119.021216,4.604,0.3
2014,02,08,11,57,03.89,37.630204,-119.023039,4.924,0.3
2014,02,08,12,08,57.15,37.629985,-119.022681,5.034,0.4
2014,02,08,12,20,54.37,37.629659,-119.020679,4.906,0.2
2014,02,08,12,21,20.92,37.628634,-119.020809,4.937,1.1
2014,02,08,12,21,30.04,37.629232,-119.021021,4.960,1.0
2014,02,08,12,37,08.89,37.629220,-119.021240,5.022,0.7
2014,02,08,13,06,12.06,37.635848,-119.023470,4.159,1.9
2014,02,08,13,06,42.00,37.635160,-119.025122,4.076,0.9
2014,02,08,13,06,59.23,37.635897,-119.022974,4.272,0.6
2014,02,08,13,07,19.22,37.635701,-119.023218,4.307,1.4
2014,02,08,13,08,34.99,37.635763,-119.024064,4.097,0.4
2014,02,08,13,10,59.82,37.636711,-119.024097,4.126,0.7
2014,02,08,13,13,08.95,37.633980,-119.024967,4.420,0.2
2014,02,08,13,13,22.45,37.633948,-119.024837,4.427,1.2
2014,02,08,13,13,31.75,37.633870,-119.024674,4.436,1.0
2014,02,08,13,14,32.93,37.633842,-119.024341,4.247,1.4
2014,02,08,13,15,05.48,37.635990,-119.023063,4.162,0.8
2014,02,08,13,15,15.22,37.632328,-119.021517,4.949,1.5
2014,02,08,13,16,44.12,37.634855,-119.025814,4.350,1.4
2014,02,08,13,20,10.72,37.631571,-119.021411,4.951,0.3
2014,02,08,13,20,57.33,37.636816,-119.020662,4.498,0.8
2014,02,08,13,43,15.36,37.634644,-119.030225,4.332,0.3
2014,02,08,13,44,23.30,37.635400,-119.019499,4.235,0.8
2014,02,08,13,45,06.87,37.636418,-119.018905,4.260,1.3
2014,02,08,13,45,40.11,37.634766,-119.021305,4.258,1.3
2014,02,08,13,47,10.57,37.633952,-119.021802,4.197,0.6
2014,02,08,13,50,13.77,37.629496,-119.012101,6.381,0.9
2014,02,08,13,50,20.63,37.633936,-119.021875,4.206,0.7
2014,02,08,13,50,45.77,37.637801,-119.017961,4.362,0.6
2014,02,08,14,36,51.46,37.635982,-119.023039,4.333,0.3
2014,02,08,15,18,15.63,37.630566,-119.021281,4.901,0.3
2014,02,08,15,32,22.51,37.628760,-119.044670,5.161,0.6
2014,02,08,16,04,45.94,37.630558,-119.022274,4.934,0.3
2014,02,08,16,45,28.71,37.628333,-119.020728,5.004,0.4
2014,02,08,16,58,40.25,37.633590,-119.022233,4.701,0.6
2014,02,08,17,07,59.96,37.631657,-119.021940,4.933,0.1
2014,02,08,17,24,09.00,37.630001,-119.022135,4.958,0.1
2014,02,08,18,01,03.00,37.631868,-119.021582,4.927,0.4
2014,02,08,18,05,08.00,37.631095,-119.020492,4.904,0.5
2014,02,08,18,09,04.00,37.630465,-119.021200,4.910,0.8
2014,02,08,18,44,43.52,37.629964,-119.020817,4.942,-0.1
2014,02,08,18,52,29.40,37.635014,-119.023714,4.438,0.2
2014,02,08,18,53,16.38,37.634998,-119.023690,4.435,0.1
2014,02,08,19,00,07.00,37.631213,-119.021834,4.961,0.6
2014,02,08,19,00,32.02,37.628223,-119.020565,5.003,0.5
2014,02,08,19,08,38.10,37.628019,-119.020581,5.023,1.5
2014,02,08,19,10,56.44,37.627319,-119.020882,5.152,1.1
2014,02,08,19,14,46.60,37.630078,-119.020988,4.937,0.7
2014,02,08,19,17,52.84,37.629899,-119.020874,4.930,0.5
2014,02,08,19,27,44.64,37.631523,-119.021802,4.916,0.8
2014,02,08,19,51,14.26,37.629887,-119.020736,4.933,0.9
2014,02,08,19,54,29.52,37.626725,-119.021208,5.213,1.1
2014,02,08,20,21,09.78,37.627458,-119.020809,5.157,0.5
2014,02,08,20,21,50.06,37.626912,-119.020605,5.178,1.2
2014,02,08,20,23,46.92,37.627441,-119.020394,5.088,1.2
2014,02,08,20,41,08.00,37.629785,-119.022681,4.934,0.7
2014,02,08,21,25,58.20,37.632161,-119.021460,4.948,1.6
2014,02,08,21,30,34.04,37.629325,-119.020890,4.982,1.0
2014,02,08,21,31,07.00,37.628625,-119.020833,4.955,1.2
2014,02,08,21,36,17.48,37.632235,-119.020890,4.948,0.1
2014,02,08,21,36,43.84,37.629395,-119.021004,4.994,1.0
2014,02,08,21,54,38.88,37.629350,-119.020955,4.974,1.0
2014,02,08,21,59,13.40,37.632206,-119.020907,4.935,0.7
2014,02,09,00,16,31.89,37.633024,-119.021891,4.865,0.1
2014,02,09,01,21,02.00,37.632129,-119.021704,4.926,0.8
2014,02,09,01,22,27.18,37.629708,-119.023983,4.845,0.1
2014,02,09,01,27,30.47,37.633936,-119.025708,4.441,0.2
2014,02,09,01,45,02.89,37.631486,-119.021826,4.911,0.0
2014,02,09,01,45,51.98,37.631486,-119.021606,4.893,0.0
2014,02,09,01,47,06.00,37.632015,-119.021509,4.908,0.3
2014,02,09,01,53,19.56,37.631812,-119.022021,4.921,0.4
2014,02,09,03,09,25.52,37.629753,-119.020825,4.945,1.2
2014,02,09,03,10,53.56,37.633317,-119.021525,4.859,-0.3
2014,02,09,03,12,00.10,37.629395,-119.020638,4.931,0.3
2014,02,09,03,17,55.04,37.627808,-119.021126,5.288,-0.2
2014,02,09,03,22,05.21,37.630721,-119.023608,4.796,1.0
2014,02,09,03,33,35.88,37.630900,-119.022209,4.904,0.3
2014,02,09,03,38,55.20,37.631840,-119.021826,4.953,0.1
2014,02,09,03,44,57.17,37.629679,-119.022689,4.988,1.0
2014,02,09,03,45,09.68,37.629415,-119.022420,5.008,0.9
2014,02,09,03,58,18.02,37.626298,-119.031551,4.798,0.6
2014,02,09,04,17,11.66,37.626131,-119.031641,4.801,0.1
2014,02,09,04,22,38.91,37.626457,-119.031396,4.807,-0.2
2014,02,09,04,24,32.50,37.629451,-119.023910,4.894,-0.2
2014,02,09,04,39,17.83,37.626095,-119.031649,4.803,0.1
2014,02,09,05,04,40.15,37.630078,-119.022998,4.881,-0.1
2014,02,09,05,05,20.65,37.630196,-119.022778,4.952,0.7
2014,02,09,05,06,24.28,37.614567,-119.025667,5.480,0.0
2014,02,09,05,10,53.02,37.632243,-119.021688,4.933,1.6
2014,02,09,05,40,45.51,37.630945,-119.020939,4.896,0.2
2014,02,09,06,16,52.11,37.632515,-119.020711,4.933,0.8
2014,02,09,06,19,53.53,37.630745,-119.022127,4.893,0.0
2014,02,09,06,37,00.93,37.631974,-119.044621,5.304,0.2
2014,02,09,07,00,14.32,37.631165,-119.021908,4.907,0.6
2014,02,09,07,01,21.55,37.630497,-119.021777,4.908,1.4
2014,02,09,07,03,40.47,37.631783,-119.021370,4.894,0.1
2014,02,09,07,22,29.33,37.631563,-119.021916,4.885,-0.1
2014,02,09,07,40,23.42,37.632031,-119.021468,4.953,1.2
2014,02,09,07,57,42.49,37.629041,-119.024251,5.040,1.6
2014,02,09,08,09,19.50,37.631991,-119.020850,4.884,1.4
2014,02,09,08,10,36.43,37.631864,-119.020728,4.863,0.6
2014,02,09,08,11,21.46,37.630314,-119.023356,4.912,0.3
2014,02,09,08,28,44.77,37.630973,-119.021330,4.931,0.3
2014,02,09,08,32,20.30,37.630033,-119.021118,4.912,0.6
2014,02,09,08,44,57.97,37.627657,-119.031673,4.808,1.0
2014,02,09,08,48,14.67,37.630505,-119.022534,4.893,-0.1
2014,02,09,09,02,01.29,37.628394,-119.031600,4.813,0.1
2014,02,09,09,05,59.47,37.626900,-119.020532,4.953,-0.1
2014,02,09,09,20,55.39,37.627035,-119.020589,4.945,-0.1
2014,02,09,10,27,06.89,37.631490,-119.021818,4.909,0.4
2014,02,09,11,31,15.79,37.630778,-119.021159,4.905,0.7
2014,02,09,11,56,00.00,37.631893,-119.021517,4.910,0.8
2014,02,09,12,04,04.68,37.629529,-119.022803,5.000,0.7
2014,02,09,12,41,54.21,37.630379,-119.021273,4.911,1.5
2014,02,09,13,06,31.16,37.633305,-119.022095,4.922,0.4
2014,02,09,13,20,44.17,37.632125,-119.021533,4.948,0.8
2014,02,09,14,23,19.45,37.630811,-119.021167,4.899,0.0
2014,02,09,14,44,22.67,37.632174,-119.021281,4.940,1.1
2014,02,09,15,47,28.79,37.637366,-119.021330,4.572,0.3
2014,02,09,16,37,32.05,37.630729,-119.021916,4.970,0.4
2014,02,09,17,23,20.36,37.628874,-119.020907,5.035,0.0
2014,02,09,17,26,44.72,37.630697,-119.020776,4.883,0.9
2014,02,09,17,41,05.00,37.631828,-119.021061,4.923,0.0
2014,02,09,18,14,07.00,37.633024,-119.020939,4.922,0.4
2014,02,09,18,19,31.80,37.631502,-119.022111,4.913,0.3
2014,02,09,18,52,33.64,37.629451,-119.023633,4.894,-0.1
2014,02,09,19,04,54.34,37.631942,-119.021484,4.909,0.5
2014,02,09,19,09,18.20,37.630534,-119.029964,4.637,0.7
2014,02,09,19,37,20.18,37.629663,-119.020793,4.924,0.6
2014,02,09,19,46,31.84,37.631938,-119.021777,4.944,0.7
2014,02,09,20,06,34.72,37.632202,-119.020752,4.950,1.2
2014,02,09,20,11,03.00,37.631958,-119.021826,4.951,0.2
2014,02,09,20,17,10.24,37.630632,-119.020809,4.897,0.9
2014,02,09,20,17,21.76,37.630501,-119.020964,4.890,0.9
2014,02,09,20,21,12.42,37.630660,-119.021200,4.921,0.8
2014,02,09,20,51,02.00,37.630001,-119.023014,4.899,-0.1
2014,02,09,21,09,23.14,37.635071,-119.020801,4.901,0.2
2014,02,09,21,14,48.42,37.632768,-119.028475,4.433,0.5
2014,02,09,21,24,09.64,37.630786,-119.030770,4.569,0.0
2014,02,09,21,43,06.00,37.632446,-119.021533,4.949,0.5
2014,02,09,21,56,53.04,37.631824,-119.021248,4.941,1.5
2014,02,09,22,01,53.32,37.632031,-119.020866,4.933,-0.1
2014,02,09,22,21,03.00,37.633219,-119.021468,4.870,0.1
2014,02,09,22,29,59.32,37.631474,-119.021753,4.897,0.3
2014,02,09,23,24,03.00,37.632170,-119.019930,5.180,-0.1
2014,02,09,23,29,49.28,37.632385,-119.021484,4.964,0.1
2014,02,10,00,11,14.70,37.631726,-119.022266,4.917,0.2
2014,02,10,00,30,34.29,37.633110,-119.021973,4.881,0.8
2014,02,10,00,42,52.30,37.629549,-119.022550,4.977,1.5
2014,02,10,00,53,20.91,37.631921,-119.020085,4.847,0.3
2014,02,10,00,55,53.01,37.632804,-119.021582,4.898,-0.5
2014,02,10,00,57,11.15,37.630981,-119.021216,4.927,0.0
2014,02,10,01,36,17.50,37.632279,-119.021647,4.955,0.1
2014,02,10,01,37,17.42,37.632267,-119.021517,4.946,1.1
2014,02,10,01,49,30.59,37.629842,-119.022371,4.891,0.0
2014,02,10,01,50,32.02,37.632402,-119.021745,4.943,0.4
2014,02,10,01,51,18.22,37.629675,-119.022648,4.934,0.9
2014,02,10,02,12,48.06,37.631608,-119.022013,4.903,0.1
2014,02,10,02,19,09.89,37.633341,-119.022013,4.916,-0.2
2014,02,10,02,20,59.01,37.630684,-119.022485,4.925,0.4
2014,02,10,02,29,06.00,37.630794,-119.022030,4.897,0.0
2014,02,10,02,32,19.76,37.630420,-119.021102,4.907,2.2
2014,02,10,02,44,22.20,37.632914,-119.021427,4.930,0.8
2014,02,10,02,49,44.92,37.629846,-119.022534,4.907,-0.1
2014,02,10,02,51,16.86,37.630762,-119.034123,4.651,0.2
2014,02,10,02,53,13.47,37.631799,-119.021110,4.940,0.8
2014,02,10,03,02,09.10,37.630575,-119.036491,4.674,0.0
2014,02,10,03,17,20.94,37.631726,-119.021110,4.870,0.0
2014,02,10,03,29,17.19,37.631982,-119.021012,4.932,1.0
2014,02,10,03,33,00.54,37.632369,-119.030265,4.480,0.1
2014,02,10,03,33,36.17,37.633683,-119.028678,4.444,0.7
2014,02,10,03,33,51.98,37.633976,-119.028280,4.455,0.7
2014,02,10,03,34,05.74,37.633988,-119.027905,4.411,0.9
2014,02,10,03,34,09.74,37.633838,-119.027539,4.414,1.2
2014,02,10,03,35,00.74,37.633455,-119.028003,4.457,1.0
2014,02,10,03,37,56.23,37.634123,-119.027344,4.459,0.2
2014,02,10,03,39,59.72,37.632092,-119.020980,4.903,0.3
2014,02,10,04,27,20.87,37.631311,-119.028573,4.597,0.5
2014,02,10,04,46,04.64,37.631445,-119.028271,4.555,-0.1
2014,02,10,05,44,35.89,37.630758,-119.021891,4.880,0.3
2014,02,10,05,52,53.82,37.632340,-119.020524,4.934,0.0
2014,02,10,06,47,40.83,37.629016,-119.022469,5.067,0.2
2014,02,10,06,47,45.57,37.629224,-119.022168,5.051,0.7
2014,02,10,07,17,57.00,37.630957,-119.021208,4.939,0.3
2014,02,10,07,20,24.41,37.631209,-119.032886,4.419,0.0
2014,02,10,07,20,40.22,37.630420,-119.023372,4.921,0.1
2014,02,10,07,20,50.52,37.632792,-119.021533,4.906,0.0
2014,02,10,07,50,36.81,37.631832,-119.021468,4.902,1.1
2014,02,10,07,52,42.63,37.629468,-119.022518,4.981,0.4
2014,02,10,09,10,31.51,37.629358,-119.022599,4.973,0.7
2014,02,10,09,25,58.22,37.632345,-119.020768,4.937,0.1
2014,02,10,09,47,49.84,37.632678,-119.021484,4.929,0.1
2014,02,10,10,35,16.81,37.631543,-119.021305,4.937,0.6
2014,02,10,10,51,29.40,37.632568,-119.021794,4.934,1.5
2014,02,10,11,07,55.35,37.630404,-119.021525,4.970,0.4
2014,02,10,11,30,17.75,37.631836,-119.021167,4.937,1.5
2014,02,10,12,03,03.00,37.630066,-119.023771,4.865,0.2
2014,02,10,12,46,54.54,37.630050,-119.023966,4.930,0.1
2014,02,10,13,02,23.78,37.631498,-119.022974,4.791,0.1
2014,02,10,13,08,53.97,37.630888,-119.020817,4.896,0.2
2014,02,10,13,21,18.69,37.631295,-119.032601,4.945,0.0
2014,02,10,13,32,15.21,37.599129,-119.014868,4.715,-0.1
2014,02,10,13,46,44.33,37.629801,-119.023804,4.868,0.3
2014,02,10,13,50,51.51,37.629350,-119.023926,4.943,-0.1
2014,02,10,14,12,20.52,37.629948,-119.022526,4.944,0.3
2014,02,10,14,30,52.99,37.630151,-119.020915,4.993,0.1
2014,02,10,14,56,41.61,37.632471,-119.021444,4.941,0.5
2014,02,10,15,16,41.99,37.632222,-119.021549,4.949,0.4
2014,02,10,15,24,40.69,37.628585,-119.023185,5.033,0.3
2014,02,10,15,36,59.11,37.630330,-119.022534,4.902,0.4
2014,02,10,15,54,22.58,37.631604,-119.024634,4.739,0.2
2014,02,10,15,58,10.34,37.627205,-119.021029,5.066,0.3
2014,02,10,16,17,52.11,37.629907,-119.022827,4.937,0.4
2014,02,10,16,17,55.22,37.630253,-119.022485,4.904,0.1
2014,02,10,16,40,52.60,37.603923,-119.054395,1.983,-0.1
2014,02,10,16,46,43.20,37.632031,-119.022819,4.849,0.0
2014,02,10,16,56,55.26,37.630595,-119.020785,4.856,0.3
2014,02,10,17,27,44.32,37.630611,-119.022152,4.917,0.2
2014,02,10,17,39,11.44,37.632747,-119.022201,4.898,0.8
2014,02,10,17,56,02.00,37.632511,-119.021541,4.919,0.3
2014,02,10,17,57,03.00,37.633468,-119.022062,4.933,0.1
2014,02,10,18,07,50.60,37.631767,-119.021549,4.912,0.1
2014,02,10,18,08,00.00,37.632015,-119.021574,4.921,0.1
2014,02,10,18,37,03.00,37.631071,-119.021891,4.902,0.4
2014,02,10,18,38,32.00,37.630448,-119.022729,4.945,0.5
2014,02,10,18,44,15.24,37.630424,-119.022249,4.914,0.4
2014,02,10,18,53,39.30,37.629191,-119.023079,5.022,0.5
2014,02,10,18,56,46.56,37.628015,-119.023381,5.029,0.2
2014,02,10,19,19,33.20,37.623824,-119.029126,4.991,-0.1
2014,02,10,19,35,57.32,37.632845,-119.021484,4.924,1.4
2014,02,10,19,38,35.16,37.631795,-119.021216,4.939,0.3
2014,02,10,19,43,26.22,37.628166,-119.014299,4.997,-0.2
2014,02,10,19,45,35.32,37.632336,-119.021574,4.937,0.9
2014,02,10,19,49,11.00,37.628247,-119.014502,4.991,0.0
2014,02,10,19,58,55.00,37.637048,-119.008268,4.636,0.1
2014,02,10,20,01,46.20,37.631669,-119.020931,4.921,2.3
2014,02,10,20,02,11.84,37.632951,-119.020459,4.825,1.4
2014,02,10,20,06,16.72,37.631571,-119.020931,4.918,-0.3
2014,02,10,20,07,38.12,37.632487,-119.021086,4.843,0.1
2014,02,10,20,18,59.32,37.629964,-119.020166,4.910,0.1
2014,02,10,20,30,21.30,37.629993,-119.029508,4.709,1.5
2014,02,10,20,38,07.56,37.629423,-119.022681,5.013,1.1
2014,02,10,21,02,24.40,37.630953,-119.021997,4.905,0.4
2014,02,10,21,36,50.20,37.630021,-119.022168,4.953,0.3
2014,02,10,22,04,56.60,37.630676,-119.021753,4.906,0.0
2014,02,10,22,05,47.34,37.575598,-119.072803,8.590,0.2
2014,02,10,22,07,12.94,37.632926,-119.024170,4.675,0.6
2014,02,10,22,12,31.64,37.631099,-119.021289,4.929,0.4
2014,02,10,22,12,39.24,37.630636,-119.024154,4.864,0.0
2014,02,10,22,25,45.92,37.636764,-119.025716,4.245,0.4
2014,02,10,22,27,02.60,37.656266,-119.035596,1.796,0.2
2014,02,10,22,29,40.92,37.629602,-119.025903,4.898,0.9
2014,02,10,22,30,12.60,37.629553,-119.026400,4.907,0.7
2014,02,10,22,30,51.24,37.631734,-119.021265,4.934,0.8
2014,02,10,22,33,08.80,37.638647,-119.022404,1.772,0.0
2014,02,10,22,53,21.52,37.633305,-119.020874,4.740,-0.3
2014,02,10,22,54,58.92,37.633752,-119.020443,4.699,0.4
2014,02,10,22,55,22.04,37.633439,-119.020939,4.744,0.6
2014,02,10,23,04,40.94,37.628988,-119.025228,4.988,0.1
2014,02,10,23,14,04.74,37.627079,-119.030192,5.141,0.1
2014,02,10,23,18,36.28,37.628866,-119.027303,4.896,0.4
2014,02,10,23,42,11.72,37.633415,-119.025830,3.852,0.4
2014,02,11,00,15,56.74,37.633207,-119.021965,4.956,0.6
2014,02,11,00,37,15.92,37.632414,-119.020646,4.927,0.4
2014,02,11,01,20,19.03,37.632792,-119.021493,4.918,0.2
2014,02,11,01,28,09.79,37.628109,-119.025846,4.973,0.2
2014,02,11,01,50,55.63,37.627572,-119.021102,5.081,0.3
2014,02,11,01,54,58.53,37.625989,-119.022176,5.181,0.6
2014,02,11,01,59,53.14,37.626066,-119.021883,5.159,0.3
2014,02,11,02,15,03.00,37.631030,-119.021281,4.937,0.3
2014,02,11,02,16,00.89,37.629964,-119.021810,4.953,0.0
2014,02,11,02,20,42.38,37.632450,-119.021460,4.927,0.0
2014,02,11,02,28,35.07,37.629427,-119.022762,4.999,0.1
2014,02,11,02,32,35.65,37.630623,-119.025684,4.640,-0.3
2014,02,11,02,37,13.90,37.630672,-119.020728,4.865,0.1
2014,02,11,02,41,15.19,37.631262,-119.021525,4.922,0.1
2014,02,11,02,42,09.79,37.625671,-119.021883,5.069,-0.3
2014,02,11,02,42,13.86,37.625761,-119.021932,5.071,0.2
2014,02,11,02,44,31.87,37.632454,-119.021240,4.939,0.1
2014,02,11,02,44,48.79,37.632638,-119.021395,4.943,0.2
2014,02,11,02,46,52.31,37.632357,-119.021427,4.962,-0.3
2014,02,11,02,49,58.40,37.625989,-119.022477,5.101,-0.4
2014,02,11,03,00,21.41,37.632328,-119.021305,4.953,0.1
2014,02,11,03,17,18.86,37.631262,-119.021411,4.929,-0.2
2014,02,11,03,27,57.88,37.632483,-119.020874,4.937,0.0
2014,02,11,03,28,37.70,37.632751,-119.020947,4.941,0.4
2014,02,11,03,35,49.74,37.630282,-119.027751,4.621,-0.1
2014,02,11,03,37,57.68,37.631181,-119.025171,4.640,0.0
2014,02,11,03,41,37.12,37.631689,-119.022982,4.776,-0.3
2014,02,11,03,53,19.32,37.629561,-119.022493,5.009,1.0
2014,02,11,03,54,49.42,37.627999,-119.020939,5.055,0.4
2014,02,11,03,55,00.18,37.634224,-119.019434,4.641,0.4
2014,02,11,03,57,51.64,37.628194,-119.020801,5.051,0.4
2014,02,11,04,02,41.08,37.631022,-119.023145,4.806,0.2
2014,02,11,04,11,50.75,37.633704,-119.021468,4.911,0.0
2014,02,11,04,13,20.58,37.631632,-119.021216,4.936,1.4
2014,02,11,04,16,38.06,37.632593,-119.021574,4.915,0.1
2014,02,11,04,19,22.57,37.628516,-119.020687,5.071,0.3
2014,02,11,04,19,27.53,37.630334,-119.021029,4.888,0.0
2014,02,11,04,23,13.58,37.630542,-119.021924,4.923,0.1
2014,02,11,04,26,31.34,37.632939,-119.026725,4.482,1.1
2014,02,11,04,26,37.68,37.632747,-119.026921,4.487,1.0
2014,02,11,04,27,18.67,37.633134,-119.026213,4.464,0.5
2014,02,11,04,27,43.49,37.633228,-119.025895,4.468,0.6
2014,02,11,04,28,05.73,37.632520,-119.025684,4.635,2.0
2014,02,11,04,30,03.80,37.632792,-119.029525,4.766,0.2
2014,02,11,04,30,29.87,37.632292,-119.026156,4.559,0.6
2014,02,11,04,30,40.32,37.632609,-119.025700,4.574,0.5
2014,02,11,04,31,13.21,37.633748,-119.026107,4.566,0.7
2014,02,11,04,31,33.36,37.633911,-119.025781,4.573,0.6
2014,02,11,04,31,47.25,37.633956,-119.025578,4.573,0.4
2014,02,11,04,33,20.56,37.627393,-119.020760,4.996,0.0
2014,02,11,04,33,36.15,37.634082,-119.025513,4.577,1.0
2014,02,11,04,34,43.10,37.633822,-119.025781,4.494,-0.4
2014,02,11,04,34,58.24,37.632845,-119.024935,4.590,-0.3
2014,02,11,04,43,20.47,37.631034,-119.021867,5.126,-0.2
2014,02,11,05,02,21.22,37.630143,-119.021029,4.910,0.9
2014,02,11,05,11,56.21,37.632397,-119.021273,4.948,0.5
2014,02,11,05,15,38.95,37.633114,-119.022909,1.824,-0.3
2014,02,11,05,20,27.45,37.632454,-119.021257,4.938,0.2
2014,02,11,05,28,11.81,37.632430,-119.020679,4.924,0.9
2014,02,11,05,30,08.13,37.629130,-119.019336,4.757,0.2
2014,02,11,05,30,51.13,37.631108,-119.021956,4.902,0.5
2014,02,11,05,32,12.38,37.629382,-119.022526,4.984,1.9
2014,02,11,05,36,38.63,37.633419,-119.021273,4.746,-0.2
2014,02,11,05,51,37.96,37.630448,-119.022363,4.855,0.0
2014,02,11,05,52,28.18,37.632149,-119.020711,4.929,1.0
2014,02,11,05,57,05.74,37.626444,-119.023486,4.775,0.1
2014,02,11,06,07,59.10,37.632336,-119.021549,4.952,-0.1
2014,02,11,06,26,50.26,37.632035,-119.020719,4.928,0.4
2014,02,11,06,43,12.55,37.632279,-119.020947,4.945,0.0
2014,02,11,06,50,25.14,37.629533,-119.020589,4.946,0.3
2014,02,11,07,09,04.22,37.628727,-119.021566,4.901,-0.2
2014,02,11,07,18,33.14,37.634810,-119.030924,3.947,1.4
2014,02,11,07,19,47.12,37.634762,-119.030371,4.102,0.3
2014,02,11,07,20,10.24,37.634713,-119.030371,4.111,0.7
2014,02,11,07,20,19.09,37.634570,-119.030428,4.131,1.1
2014,02,11,07,21,05.18,37.634477,-119.030575,4.112,1.8
2014,02,11,07,21,29.59,37.634676,-119.030452,4.101,0.0
2014,02,11,07,23,07.18,37.634558,-119.030420,4.132,1.4
2014,02,11,07,23,46.61,37.634521,-119.030339,4.155,0.5
2014,02,11,07,25,09.07,37.634603,-119.030485,4.160,1.0
2014,02,11,07,25,15.61,37.635144,-119.029419,4.154,1.6
2014,02,11,07,26,25.13,37.634871,-119.029696,4.133,0.9
2014,02,11,07,28,54.28,37.640267,-119.005656,7.594,0.5
2014,02,11,07,30,22.20,37.635095,-119.030745,3.846,0.7
2014,02,11,07,34,39.79,37.632650,-119.032023,4.127,0.9
2014,02,11,07,34,59.10,37.632613,-119.032104,4.144,0.7
2014,02,11,07,41,50.90,37.633077,-119.020508,4.913,0.0
2014,02,11,07,49,02.53,37.605123,-119.038062,7.449,0.0
2014,02,11,07,50,07.10,37.637492,-119.024780,3.722,0.3
2014,02,11,08,03,18.98,37.630042,-119.021802,4.950,-0.1
2014,02,11,08,08,34.29,37.634379,-119.030005,4.548,0.0
2014,02,11,08,10,59.54,37.634322,-119.021452,4.844,0.2
2014,02,11,08,12,28.24,37.628703,-119.027083,4.890,-0.2
2014,02,11,08,18,50.77,37.634619,-119.020785,4.830,0.0
2014,02,11,08,22,55.64,37.616760,-119.009904,3.652,1.0
2014,02,11,08,23,03.85,37.634774,-119.024674,4.383,0.7
2014,02,11,08,23,34.72,37.634851,-119.024577,4.390,0.1
2014,02,11,08,25,28.48,37.634412,-119.041838,6.450,0.8
2014,02,11,08,26,32.64,37.633887,-119.023869,4.575,0.7
2014,02,11,08,28,02.00,37.632894,-119.021436,4.928,0.0
2014,02,11,08,28,36.94,37.635152,-119.022559,4.424,0.1
2014,02,11,08,30,42.83,37.633724,-119.023055,4.473,1.4
2014,02,11,08,31,44.17,37.634477,-119.022607,4.467,0.3
2014,02,11,08,42,35.91,37.653845,-119.004525,7.359,0.3
2014,02,11,08,43,22.86,37.633923,-119.022811,4.534,0.3
2014,02,11,08,49,20.82,37.632410,-119.021517,4.950,-0.2
2014,02,11,08,52,02.00,37.632483,-119.020402,4.928,0.1
2014,02,11,08,59,13.58,37.633496,-119.027271,4.409,1.1
2014,02,11,09,00,29.01,37.632894,-119.027262,4.391,0.2
2014,02,11,09,01,30.40,37.631848,-119.025098,5.625,0.1
2014,02,11,09,12,31.80,37.631095,-119.021899,4.896,0.5
2014,02,11,09,20,56.03,37.631893,-119.024569,4.340,-0.1
2014,02,11,09,56,43.01,37.628951,-119.022762,5.000,-0.1
2014,02,11,10,26,55.64,37.632662,-119.022559,4.872,0.9
2014,02,11,10,50,45.91,37.628194,-119.022738,5.028,0.4
2014,02,11,11,12,26.95,37.634241,-119.025732,4.407,-0.2
2014,02,11,11,15,02.54,37.626908,-119.024284,5.529,0.1
2014,02,11,11,25,10.38,37.631486,-119.021403,4.934,1.4
2014,02,11,11,37,52.97,37.628349,-119.020687,5.011,0.6
2014,02,11,11,41,59.63,37.632882,-119.021484,4.922,1.1
2014,02,11,11,44,56.85,37.633057,-119.022005,4.732,0.3
2014,02,11,11,45,51.97,37.634619,-119.021362,4.437,0.1
2014,02,11,11,47,30.26,37.634880,-119.021484,4.484,0.3
2014,02,11,11,48,55.16,37.634729,-119.021305,4.423,-0.1
2014,02,11,11,50,27.35,37.630990,-119.024829,4.800,0.5
2014,02,11,11,51,29.49,37.630688,-119.020646,4.859,0.3
2014,02,11,11,53,18.37,37.634334,-119.021908,4.444,0.2
2014,02,11,11,54,35.97,37.634973,-119.021875,4.505,-0.1
2014,02,11,11,55,47.17,37.634538,-119.021712,4.448,0.0
2014,02,11,12,13,31.04,37.628719,-119.022762,5.031,-0.1
2014,02,11,12,25,43.86,37.644336,-119.007251,5.455,0.0
2014,02,11,12,26,11.79,37.635242,-119.019165,4.346,-0.2
2014,02,11,12,31,46.45,37.632914,-119.022640,4.789,0.0
2014,02,11,12,33,00.89,37.632267,-119.021647,4.940,1.1
2014,02,11,12,34,24.25,37.634420,-119.023096,4.488,0.0
2014,02,11,12,37,17.78,37.632450,-119.020964,4.943,0.3
2014,02,11,12,47,47.20,37.632499,-119.020996,4.947,0.1
2014,02,11,12,49,42.36,37.629338,-119.023161,5.026,0.3
2014,02,11,12,52,38.73,37.633610,-119.022119,4.741,0.9
2014,02,11,12,58,48.53,37.631755,-119.021891,4.899,0.1
2014,02,11,13,37,05.00,37.632865,-119.021452,4.921,1.1
2014,02,11,13,44,19.06,37.629651,-119.022583,4.995,1.4
2014,02,11,13,46,09.89,37.630066,-119.022046,4.942,0.2
2014,02,11,13,58,58.43,37.632694,-119.021436,4.929,0.7
2014,02,11,14,01,02.89,37.630595,-119.021777,4.914,0.6
2014,02,11,14,01,27.06,37.657458,-119.011995,5.504,0.9
2014,02,11,14,02,22.73,37.632397,-119.021330,4.945,0.9
2014,02,11,14,10,46.58,37.633016,-119.021842,4.868,-0.3
2014,02,11,14,17,07.00,37.630652,-119.020964,4.904,1.6
2014,02,11,14,21,55.79,37.632556,-119.021159,4.948,1.0
2014,02,11,14,33,42.93,37.631226,-119.021379,4.938,0.3
2014,02,11,14,35,42.44,37.633329,-119.021834,4.821,-0.3
2014,02,11,14,57,55.28,37.632678,-119.021029,4.952,1.1
2014,02,11,15,09,40.62,37.629602,-119.023910,4.932,0.7
2014,02,11,15,10,48.55,37.632605,-119.021484,4.936,0.1
2014,02,11,15,11,38.17,37.633451,-119.021802,4.953,0.9
2014,02,11,15,18,37.86,37.632027,-119.021932,4.919,0.9
2014,02,11,15,55,53.12,37.631230,-119.021387,4.934,1.2
2014,02,11,16,04,29.08,37.632446,-119.020703,4.924,0.1
2014,02,11,17,25,19.64,37.628304,-119.023543,5.097,0.2
2014,02,11,17,42,49.54,37.625305,-119.018774,3.097,0.3
2014,02,11,17,57,17.08,37.629061,-119.025049,4.956,0.0
2014,02,11,17,59,45.80,37.631189,-119.021411,4.938,1.2
2014,02,11,18,02,15.66,37.630770,-119.021183,4.903,0.1
2014,02,11,18,08,51.28,37.631445,-119.021818,4.915,0.9
2014,02,11,18,30,25.76,37.628682,-119.023258,5.039,0.3
2014,02,11,18,46,00.00,37.632393,-119.021077,4.940,1.1
2014,02,11,18,48,09.00,37.630522,-119.022355,4.907,0.7
2014,02,11,18,52,21.14,37.632304,-119.021029,4.931,-0.3
2014,02,11,18,54,06.00,37.632544,-119.021175,4.950,1.0
2014,02,11,18,55,24.32,37.633236,-119.021948,4.963,0.9
2014,02,11,19,18,14.80,37.629964,-119.022127,4.952,0.1
2014,02,11,19,40,36.40,37.629297,-119.024390,4.976,0.3
2014,02,11,20,02,11.52,37.630619,-119.021818,4.888,0.0
2014,02,11,20,06,46.60,37.646370,-118.991447,5.988,-0.1
2014,02,11,20,08,44.48,37.632430,-119.020898,4.944,0.7
2014,02,11,20,20,09.00,37.632279,-119.021354,4.957,0.0
2014,02,11,20,42,45.68,37.629675,-119.020809,4.922,0.9
2014,02,11,20,44,46.36,37.625195,-119.018734,3.082,0.0
2014,02,11,20,46,09.00,37.629533,-119.020125,4.927,0.0
2014,02,11,20,47,13.30,37.629578,-119.020378,4.936,0.1
2014,02,11,20,48,51.60,37.631742,-119.021102,4.941,1.7
2014,02,11,20,50,02.00,37.631278,-119.021623,4.931,0.1
2014,02,11,20,51,37.92,37.631222,-119.021509,4.913,0.4
2014,02,11,20,52,51.16,37.631185,-119.021509,4.916,0.8
2014,02,11,20,53,50.28,37.631177,-119.021525,4.923,1.3
2014,02,11,20,53,53.80,37.614376,-119.034928,7.213,0.6
2014,02,11,21,09,36.84,37.629561,-119.020369,4.918,0.5
2014,02,11,21,12,23.52,37.629569,-119.020947,4.891,0.9
2014,02,11,21,15,02.00,37.631270,-119.021493,4.921,1.6
2014,02,11,22,08,21.16,37.630436,-119.022266,4.915,0.1
2014,02,11,22,14,56.26,37.628967,-119.022583,5.023,0.1
2014,02,11,22,30,04.00,37.632967,-119.020695,4.909,-0.1
2014,02,11,22,32,42.84,37.631047,-119.021232,4.900,0.0
2014,02,11,22,35,46.96,37.628768,-119.022795,5.010,0.0
2014,02,11,22,39,10.12,37.629069,-119.023039,5.039,1.1
2014,02,11,22,41,01.00,37.632703,-119.021525,4.931,1.0
2014,02,11,22,55,18.52,37.632633,-119.021167,4.948,0.9
2014,02,11,23,01,30.70,37.632369,-119.021891,4.921,-0.1
2014,02,11,23,10,08.00,37.632377,-119.020947,4.949,1.2
2014,02,11,23,13,38.68,37.628715,-119.023307,5.047,0.4
2014,02,11,23,54,30.16,37.630794,-119.022404,4.931,1.3
2014,02,11,23,55,02.00,37.631169,-119.022078,4.917,1.1
2014,02,12,00,09,28.51,37.630326,-119.022103,5.036,0.4
2014,02,12,00,28,26.00,37.632402,-119.020728,4.942,1.0
2014,02,12,00,33,44.89,37.632377,-119.020475,4.908,0.0
2014,02,12,01,13,07.89,37.632910,-119.021313,4.936,0.1
2014,02,12,01,13,44.50,37.630322,-119.019889,4.957,-0.2
2014,02,12,01,29,37.18,37.629411,-119.048934,5.783,-0.2
2014,02,12,01,31,28.21,37.630514,-119.021948,4.921,0.3
2014,02,12,01,42,15.93,37.630196,-119.021069,4.915,1.0
2014,02,12,01,43,57.33,37.629342,-119.022599,4.972,1.3
2014,02,12,01,48,23.10,37.632402,-119.021623,4.946,0.1
2014,02,12,01,54,31.49,37.632821,-119.021379,4.945,1.7
2014,02,12,02,09,42.97,37.632267,-119.020866,4.949,-0.2
2014,02,12,02,14,01.44,37.637134,-119.019914,4.415,-0.3
2014,02,12,02,19,57.31,37.623832,-119.024740,6.599,-0.2
2014,02,12,02,23,28.19,37.632898,-119.020614,4.944,0.1
2014,02,12,02,26,46.05,37.632068,-119.021069,4.866,-0.2
2014,02,12,02,32,07.28,37.636800,-119.024585,4.046,-0.2
2014,02,12,02,32,48.95,37.628955,-119.022591,4.975,-0.2
2014,02,12,02,41,51.10,37.629159,-119.023486,4.938,0.1
2014,02,12,02,43,06.00,37.630021,-119.023405,4.879,-0.1
2014,02,12,02,45,37.10,37.629924,-119.034082,4.681,0.2
2014,02,12,02,49,08.89,37.629736,-119.023551,4.906,0.0
2014,02,12,03,35,09.26,37.629203,-119.035742,1.924,-0.1
2014,02,12,03,44,53.39,37.631877,-119.022054,4.901,0.0
2014,02,12,03,45,58.00,37.630322,-119.021077,4.917,0.1
2014,02,12,03,49,07.00,37.630835,-119.021257,4.914,0.5
2014,02,12,03,49,18.10,37.631384,-119.021484,4.951,1.0
2014,02,12,03,51,59.42,37.631624,-119.021509,4.925,0.3
2014,02,12,03,53,13.99,37.630583,-119.019442,4.844,0.1
2014,02,12,03,54,55.55,37.633024,-119.019686,4.837,0.0
2014,02,12,03,56,39.81,37.631779,-119.021167,4.874,0.1
2014,02,12,03,57,16.65,37.631169,-119.019108,4.790,0.1
2014,02,12,04,00,56.32,37.629321,-119.022461,5.016,0.9
2014,02,12,04,04,17.68,37.629378,-119.022323,4.989,0.9
2014,02,12,04,13,24.45,37.627804,-119.020386,5.021,0.0
2014,02,12,04,16,47.67,37.627743,-119.020321,4.951,0.1
2014,02,12,04,17,31.90,37.627661,-119.020426,4.965,-0.2
2014,02,12,04,18,44.02,37.631547,-119.022087,4.902,0.1
2014,02,12,04,23,01.00,37.631160,-119.021297,4.935,0.9
2014,02,12,05,22,07.56,37.636487,-119.017383,4.290,1.1
2014,02,12,05,23,05.01,37.630587,-119.021981,4.849,0.2
2014,02,12,05,33,07.00,37.631986,-119.021240,4.876,0.3
2014,02,12,05,34,20.37,37.630249,-119.022013,5.052,0.4
2014,02,12,05,37,56.19,37.632121,-119.021200,4.866,1.0
2014,02,12,05,49,08.90,37.629651,-119.020752,4.906,0.9
2014,02,12,05,57,51.28,37.632271,-119.021606,4.949,0.2
2014,02,12,06,01,59.52,37.631755,-119.020980,4.847,0.3
2014,02,12,06,37,16.16,37.632817,-119.021590,4.929,1.0
2014,02,12,06,42,43.88,37.633537,-119.021688,4.954,0.3
2014,02,12,06,50,16.51,37.633647,-119.022371,4.981,0.6
2014,02,12,06,54,59.26,37.632113,-119.021257,4.944,-0.2
2014,02,12,07,09,41.50,37.630587,-119.022160,4.841,0.1
2014,02,12,07,32,18.97,37.630534,-119.022168,4.922,1.0
2014,02,12,07,33,31.88,37.634721,-119.023454,4.226,0.0
2014,02,12,07,34,44.35,37.632239,-119.021631,4.950,0.2
2014,02,12,07,39,36.94,37.633964,-119.025562,4.416,0.1
2014,02,12,07,39,41.29,37.634131,-119.025472,4.389,0.5
2014,02,12,07,42,13.98,37.627893,-119.030176,8.317,0.1
2014,02,12,07,51,26.65,37.631852,-119.021468,4.904,1.2
2014,02,12,08,00,54.35,37.630522,-119.024813,4.738,0.2
2014,02,12,08,12,39.22,37.630155,-119.022860,4.919,0.3
2014,02,12,08,44,04.68,37.630111,-119.022957,4.974,1.9
2014,02,12,08,44,43.42,37.629435,-119.022624,4.949,0.8
2014,02,12,08,45,11.66,37.629301,-119.023958,5.003,0.6
2014,02,12,08,48,35.61,37.635457,-119.020402,5.054,1.1
2014,02,12,08,48,55.73,37.629944,-119.023869,4.826,0.5
2014,02,12,08,50,30.21,37.629142,-119.024398,4.846,0.0
2014,02,12,08,52,07.21,37.630741,-119.023454,4.801,1.4
2014,02,12,08,54,36.81,37.630457,-119.023104,4.918,0.1
2014,02,12,08,56,23.53,37.630457,-119.023828,5.003,0.3
2014,02,12,08,58,05.00,37.629639,-119.024788,4.881,0.3
2014,02,12,09,00,05.00,37.630998,-119.021525,4.930,-0.3
2014,02,12,09,04,42.50,37.630233,-119.021159,4.906,0.6
2014,02,12,09,07,25.90,37.630798,-119.021159,4.920,0.2
2014,02,12,09,12,37.04,37.629915,-119.025301,4.771,0.8
2014,02,12,09,14,20.32,37.631209,-119.021484,4.917,1.5
2014,02,12,09,16,29.75,37.630558,-119.024666,4.675,-0.3
2014,02,12,09,18,21.95,37.627747,-119.025618,5.766,0.3
2014,02,12,09,19,48.82,37.630440,-119.025081,4.739,-0.1
2014,02,12,09,23,22.66,37.631291,-119.021419,4.943,1.5
2014,02,12,09,25,28.74,37.631075,-119.021908,4.898,0.3
2014,02,12,09,28,18.39,37.628320,-119.022965,5.015,-0.2
2014,02,12,09,29,24.03,37.631368,-119.021956,4.984,-0.2
2014,02,12,09,47,49.01,37.628194,-119.023771,5.033,0.2
2014,02,12,11,02,17.59,37.630550,-119.022404,4.885,0.1
2014,02,12,11,06,30.79,37.629639,-119.022990,4.939,0.1
2014,02,12,11,45,49.83,37.632617,-119.021525,4.938,1.7
2014,02,12,12,14,16.61,37.628882,-119.022640,5.003,0.0
2014,02,12,12,21,19.50,37.631836,-119.021012,4.874,0.1
2014,02,12,12,23,05.64,37.631673,-119.025521,4.585,-0.3
2014,02,12,12,26,18.47,37.631665,-119.025952,4.577,0.2
2014,02,12,12,32,28.53,37.630314,-119.021061,4.911,0.1
2014,02,12,12,35,57.03,37.630843,-119.021167,4.897,-0.1
2014,02,12,12,47,52.50,37.633533,-119.021647,4.871,0.4
2014,02,12,12,48,03.89,37.633582,-119.021712,4.886,0.4
2014,02,12,12,50,58.19,37.628902,-119.023690,5.046,1.5
2014,02,12,13,23,45.97,37.632377,-119.020890,4.953,1.5
2014,02,12,13,34,04.79,37.629342,-119.026481,4.903,1.1
2014,02,12,13,34,33.48,37.629309,-119.026782,4.951,0.5
2014,02,12,13,34,42.14,37.629268,-119.026750,4.917,1.3
2014,02,12,13,39,03.79,37.629224,-119.026481,4.935,1.1
2014,02,12,13,43,12.61,37.629159,-119.027563,4.859,-0.3
2014,02,12,13,59,14.49,37.631299,-119.021745,4.905,0.3
2014,02,12,14,13,44.43,37.628772,-119.027425,4.969,0.4
2014,02,12,14,17,48.07,37.633879,-119.020703,4.906,-0.3
2014,02,12,14,24,22.12,37.632206,-119.022005,4.828,-0.3
2014,02,12,14,28,07.00,37.632450,-119.020760,4.939,1.2
2014,02,12,14,35,39.87,37.636182,-119.020915,4.485,-0.3
2014,02,12,14,43,31.59,37.632690,-119.021493,4.918,1.0
2014,02,12,14,47,58.57,37.631942,-119.021549,4.918,0.0
2014,02,12,14,54,33.08,37.632080,-119.020540,4.851,0.9
2014,02,12,15,02,54.72,37.630843,-119.021720,4.927,0.1
2014,02,12,15,06,18.56,37.633862,-119.021655,4.940,0.6
2014,02,12,15,10,16.35,37.632263,-119.020589,4.909,0.9
2014,02,12,15,39,06.89,37.634025,-119.021688,4.924,0.2
2014,02,12,15,42,02.01,37.632023,-119.028719,4.697,-0.3
2014,02,12,15,52,44.76,37.630701,-119.022249,4.884,0.2
2014,02,12,15,54,00.00,37.632109,-119.021167,4.867,0.1
2014,02,12,16,17,52.93,37.630558,-119.021834,4.908,0.1
2014,02,12,16,20,45.05,37.632430,-119.021338,4.929,0.4
2014,02,12,16,41,43.42,37.631681,-119.021639,4.928,0.0
2014,02,12,16,58,01.99,37.633057,-119.021647,4.947,0.7
2014,02,12,17,27,55.54,37.631628,-119.021688,4.925,0.1
2014,02,12,17,46,21.06,37.630135,-119.021086,4.917,0.9
2014,02,12,17,47,53.72,37.630656,-119.021102,4.916,0.8
2014,02,12,17,50,33.68,37.631661,-119.021525,4.919,1.9
2014,02,12,17,51,10.44,37.632601,-119.021606,4.913,0.8
2014,02,12,17,51,56.80,37.631771,-119.021077,4.838,0.2
2014,02,12,18,12,15.08,37.630912,-119.021452,4.931,0.2
2014,02,12,18,26,05.44,37.630355,-119.019849,4.761,0.3
2014,02,12,18,42,23.10,37.627018,-119.018473,4.769,0.2
2014,02,12,19,02,08.56,37.628064,-119.023299,5.065,0.4
2014,02,12,19,08,13.70,37.632906,-119.021273,4.918,0.1
2014,02,12,19,12,41.88,37.632316,-119.021419,4.966,0.0
2014,02,12,19,37,18.44,37.632397,-119.021615,4.958,0.4
2014,02,12,19,54,52.90,37.628739,-119.022900,5.022,0.1
2014,02,12,20,51,49.76,37.630949,-119.021436,4.937,0.2
2014,02,12,20,55,24.92,37.630078,-119.022363,4.936,0.7
2014,02,12,21,01,00.84,37.632288,-119.019336,4.166,0.0
2014,02,12,21,03,02.00,37.629574,-119.015991,4.996,0.3
2014,02,12,21,07,42.96,37.632149,-119.020597,4.974,1.8
2014,02,12,21,26,17.56,37.632145,-119.021134,4.742,0.1
2014,02,12,21,31,31.62,37.630815,-119.021419,4.935,0.1
2014,02,12,21,46,41.16,37.631791,-119.021029,4.863,0.0
2014,02,12,22,34,50.48,37.630481,-119.021965,4.917,0.4
2014,02,12,22,58,02.00,37.632235,-119.021240,4.957,-0.1
2014,02,12,23,57,56.78,37.631116,-119.021346,4.940,1.1
2014,02,13,00,05,18.59,37.632951,-119.020923,4.946,0.4
2014,02,13,00,12,21.00,37.631307,-119.021297,4.897,0.0
2014,02,13,00,19,43.06,37.619653,-119.016178,4.937,-0.1
2014,02,13,00,43,29.66,37.632190,-119.028906,4.487,-0.2
2014,02,13,01,06,58.67,37.635909,-119.036841,5.051,0.3
2014,02,13,01,30,06.78,37.629370,-119.022559,4.965,1.5
2014,02,13,01,57,54.31,37.641060,-119.034603,4.185,-0.2
2014,02,13,02,04,41.16,37.624308,-119.019670,5.034,0.6
2014,02,13,02,07,44.85,37.628459,-119.025757,4.956,0.0
2014,02,13,02,08,32.49,37.630400,-119.020768,4.881,0.1
2014,02,13,02,11,20.12,37.628479,-119.025765,4.967,-0.1
2014,02,13,02,21,05.00,37.632625,-119.021729,4.932,-0.3
2014,02,13,02,23,00.89,37.631380,-119.021899,4.908,-0.2
2014,02,13,02,35,20.06,37.632658,-119.021623,4.921,0.7
2014,02,13,02,51,45.45,37.630229,-119.022909,4.877,0.0
2014,02,13,03,09,23.01,37.630945,-119.019173,4.835,0.0
2014,02,13,03,55,24.99,37.632564,-119.020955,4.945,0.5
2014,02,13,04,08,30.92,37.633805,-119.025431,4.418,-0.3
2014,02,13,04,21,12.68,37.632068,-119.021257,4.901,-0.3
2014,02,13,04,28,10.41,37.631893,-119.021623,4.924,0.6
2014,02,13,04,28,43.21,37.632340,-119.020858,4.957,1.5
2014,02,13,04,29,03.00,37.632402,-119.020809,4.942,0.6
2014,02,13,04,45,07.00,37.632373,-119.020695,4.944,1.7
2014,02,13,04,46,27.75,37.632198,-119.020703,4.904,-0.1
2014,02,13,04,51,28.48,37.632776,-119.021094,4.944,0.0
2014,02,13,05,13,44.87,37.630493,-119.021875,4.909,0.1
2014,02,13,05,29,04.89,37.630688,-119.022046,4.910,0.1
2014,02,13,06,28,28.82,37.634798,-119.022868,4.512,0.2
2014,02,13,06,28,57.92,37.629541,-119.024764,4.901,0.3
2014,02,13,06,29,46.48,37.634969,-119.023177,4.495,-0.1
2014,02,13,06,34,37.85,37.623816,-119.039819,4.270,0.0
2014,02,13,07,02,47.70,37.632800,-119.021753,4.939,0.9
2014,02,13,07,14,32.92,37.630770,-119.022428,4.845,0.2
2014,02,13,07,55,44.87,37.629504,-119.020833,4.929,0.4
2014,02,13,08,00,12.22,37.630334,-119.021077,4.913,0.1
2014,02,13,08,36,56.41,37.626241,-119.032528,4.645,0.1
2014,02,13,08,55,49.12,37.633948,-119.021208,4.752,-0.1
2014,02,13,08,59,18.14,37.634342,-119.020939,4.702,0.2
2014,02,13,09,01,05.00,37.634062,-119.021265,4.837,0.2
2014,02,13,09,02,06.09,37.640930,-118.994824,6.489,0.3
2014,02,13,09,04,45.33,37.633252,-119.022160,4.823,0.1
2014,02,13,09,09,21.11,37.633012,-119.022746,4.705,0.0
2014,02,13,09,10,55.42,37.630855,-119.023730,0.208,-0.1
2014,02,13,09,12,11.55,37.633008,-119.022339,4.808,-0.3
2014,02,13,09,12,59.00,37.633582,-119.021672,4.847,0.3
2014,02,13,09,17,04.89,37.631014,-119.021948,4.910,0.9
2014,02,13,09,18,57.53,37.632874,-119.022909,4.809,0.0
2014,02,13,09,20,32.34,37.634326,-119.020964,4.711,0.3
2014,02,13,09,27,07.47,37.628735,-119.020589,5.133,-0.1
2014,02,13,09,31,54.02,37.630880,-119.023250,4.966,-0.3
2014,02,13,09,35,01.00,37.627852,-119.019686,5.054,-0.1
2014,02,13,09,38,14.89,37.629639,-119.022770,5.014,0.2
2014,02,13,09,38,55.36,37.630892,-119.021370,4.929,1.5
2014,02,13,09,42,18.63,37.632874,-119.028996,4.456,0.0
2014,02,13,09,52,38.10,37.633118,-119.023641,4.668,0.4
2014,02,13,09,54,14.31,37.633333,-119.024536,4.607,0.3
2014,02,13,09,58,47.57,37.631970,-119.030420,4.463,0.1
2014,02,13,10,04,28.35,37.629704,-119.022070,4.917,-0.2
2014,02,13,10,20,19.78,37.631978,-119.021574,4.927,0.0
2014,02,13,10,30,55.02,37.630343,-119.022485,4.868,-0.2
2014,02,13,10,31,38.04,37.633012,-119.021533,4.927,0.4
2014,02,13,10,42,24.30,37.633101,-119.021444,4.940,0.5
2014,02,13,11,08,42.16,37.634892,-119.025334,4.363,0.1
2014,02,13,11,25,44.54,37.626713,-119.021606,5.031,0.8
2014,02,13,11,28,43.57,37.633521,-119.021582,4.948,0.9
2014,02,13,11,48,38.97,37.636275,-119.020199,4.505,-0.1
2014,02,13,11,49,56.38,37.631262,-119.021346,4.944,1.1
2014,02,13,12,08,21.48,37.633118,-119.021623,4.879,-0.1
2014,02,13,12,16,03.89,37.629268,-119.023682,4.975,-0.1
2014,02,13,12,42,46.96,37.632035,-119.021118,4.942,0.6
2014,02,13,12,55,31.13,37.632939,-119.021452,4.945,1.2
2014,02,13,13,09,17.55,37.632218,-119.021248,4.868,0.3
2014,02,13,13,59,58.02,37.630550,-119.022078,4.960,0.1
2014,02,13,14,28,14.02,37.631986,-119.027881,4.487,0.1
2014,02,13,14,43,35.78,37.629696,-119.024805,4.854,-0.1
2014,02,13,14,47,46.00,37.635417,-119.019849,4.099,-0.3
2014,02,13,15,00,02.89,37.632279,-119.021240,4.948,0.0
2014,02,13,15,20,37.61,37.630546,-119.021208,4.947,0.1
2014,02,13,16,04,14.53,37.634082,-119.020890,4.729,0.1
2014,02,13,16,25,15.24,37.630477,-119.021916,4.917,0.1
2014,02,13,17,05,27.64,37.633236,-119.025594,4.456,0.7
2014,02,13,17,07,42.56,37.632267,-119.026465,4.483,0.1
2014,02,13,17,18,03.00,37.633138,-119.021517,4.943,0.8
2014,02,13,17,24,51.06,37.629480,-119.022559,4.993,1.4
2014,02,13,17,34,32.84,37.627637,-119.029110,5.032,0.1
2014,02,13,17,37,06.00,37.629106,-119.025521,4.947,-0.1
2014,02,13,17,43,18.12,37.630436,-119.022233,4.923,-0.1
2014,02,13,17,50,04.84,37.632882,-119.028394,4.492,-0.4
2014,02,13,17,54,24.32,37.631954,-119.021680,4.933,1.0
2014,02,13,18,06,23.60,37.619584,-119.001025,7.029,0.2
2014,02,13,18,19,52.96,37.632731,-119.021468,4.937,0.2
2014,02,13,18,45,45.08,37.627901,-119.023275,5.038,0.1
2014,02,13,19,01,20.80,37.632800,-118.956299,9.180,0.2
2014,02,13,19,34,58.76,37.632739,-119.021598,4.948,0.5
2014,02,13,19,52,18.34,37.631559,-119.027979,4.541,0.0
2014,02,13,20,03,02.80,37.626318,-119.021948,5.073,-0.1
2014,02,13,20,09,03.00,37.632410,-119.020890,4.951,0.1
2014,02,13,20,55,58.74,37.630265,-119.021061,4.917,0.1
2014,02,13,21,10,10.16,37.630701,-119.020923,4.922,2.1
2014,02,13,21,20,04.00,37.632951,-119.021582,4.937,1.0
2014,02,13,21,23,08.00,37.629244,-119.020500,4.940,0.1
2014,02,13,21,29,37.20,37.632849,-119.020614,4.948,0.4
2014,02,13,21,44,59.00,37.630440,-119.022664,4.891,0.4
2014,02,13,22,47,09.00,37.632039,-119.021403,4.903,0.2
2014,02,13,23,36,47.68,37.617383,-119.027132,6.619,0.1
2014,02,13,23,37,45.88,37.630481,-119.030257,4.635,0.1
2014,02,13,23,48,47.88,37.629350,-119.022314,4.988,0.8
2014,02,14,01,44,40.64,37.633195,-119.021151,4.929,0.1
2014,02,14,01,53,53.20,37.635665,-118.980469,8.823,0.1
2014,02,14,02,03,59.26,37.631824,-119.031266,5.080,0.1
2014,02,14,02,07,20.02,37.633337,-119.021460,4.939,1.4
2014,02,14,02,26,32.26,37.637850,-119.024666,3.952,-0.3
2014,02,14,02,30,25.21,37.637972,-119.024683,3.960,0.3
2014,02,14,02,55,51.40,37.632788,-119.020825,4.937,0.3
2014,02,14,03,08,25.09,37.627075,-119.021224,5.072,0.4
2014,02,14,03,11,21.30,37.635042,-119.034041,4.505,-0.2
2014,02,14,03,15,30.02,37.632491,-119.021159,4.953,1.5
2014,02,14,03,19,41.52,37.631958,-119.021598,4.924,0.1
2014,02,14,03,20,18.85,37.631848,-119.021574,4.916,0.2
2014,02,14,03,29,44.27,37.630196,-119.022078,5.069,0.5
2014,02,14,03,47,32.94,37.632882,-119.028507,4.453,-0.4
2014,02,14,03,48,21.87,37.632711,-119.028784,4.449,0.3
2014,02,14,04,02,20.35,37.630253,-119.019857,5.078,-0.1
2014,02,14,04,20,04.10,37.629203,-119.031453,4.769,-0.3
2014,02,14,04,22,54.36,37.633602,-119.021305,4.938,0.0
2014,02,14,04,35,02.00,37.632247,-119.020776,4.923,0.4
2014,02,14,05,26,22.19,37.630094,-119.020215,4.884,-0.3
2014,02,14,05,31,10.48,37.629781,-119.024862,4.889,0.1
2014,02,14,06,01,23.03,37.628153,-119.020402,5.248,-0.1
2014,02,14,06,40,49.25,37.626070,-119.021867,5.123,0.8
2014,02,14,06,40,58.69,37.626046,-119.022038,5.124,0.9
2014,02,14,06,42,21.88,37.625879,-119.022184,5.198,0.3
2014,02,14,06,46,11.19,37.661393,-119.017375,1.698,-0.2
2014,02,14,06,46,47.86,37.625452,-119.023218,5.138,0.6
2014,02,14,06,46,58.56,37.624613,-119.023877,5.193,0.2
2014,02,14,06,49,58.96,37.625301,-119.023641,5.118,-0.1
2014,02,14,06,53,50.17,37.625460,-119.023511,5.134,-0.3
2014,02,14,06,54,56.65,37.625350,-119.023625,5.147,0.3
2014,02,14,07,13,23.75,37.629956,-119.021810,4.923,-0.1
2014,02,14,07,24,02.68,37.624548,-119.023608,5.141,-0.2
2014,02,14,07,42,52.74,37.629700,-119.023804,4.902,0.3
2014,02,14,07,43,12.12,37.624455,-119.023893,5.173,0.1
2014,02,14,07,51,15.91,37.629016,-119.023063,4.989,1.0
2014,02,14,07,54,53.28,37.628833,-119.024772,4.957,-0.3
2014,02,14,07,56,47.61,37.628784,-119.024634,4.954,1.0
2014,02,14,07,59,02.00,37.630082,-119.022909,4.870,0.1
2014,02,14,07,59,47.23,37.632849,-119.021533,4.936,1.1
2014,02,14,08,01,52.07,37.631148,-119.021191,4.934,0.0
2014,02,14,08,08,21.19,37.631555,-119.021134,4.928,-0.3
2014,02,14,08,20,47.88,37.625277,-119.023161,5.244,-0.3
2014,02,14,08,22,12.73,37.631531,-119.021069,4.935,-0.1
2014,02,14,08,30,46.63,37.629753,-119.022160,4.922,0.1
2014,02,14,08,40,54.71,37.632581,-119.029175,4.676,0.0
2014,02,14,09,07,11.86,37.629431,-119.022445,4.983,1.4
2014,02,14,09,10,34.74,37.626815,-119.021102,5.149,0.6
2014,02,14,09,28,45.18,37.630278,-119.021134,4.912,0.0
2014,02,14,09,43,53.68,37.630566,-119.022103,4.907,0.0
2014,02,14,09,47,35.72,37.627718,-119.021615,5.088,-0.1
2014,02,14,10,01,22.92,37.632418,-119.020736,4.875,-0.3
2014,02,14,10,20,31.20,37.633195,-119.021094,4.949,0.1
2014,02,14,10,50,27.08,37.627926,-119.021493,5.143,0.0
2014,02,14,11,04,26.33,37.626758,-119.021631,5.152,-0.1
2014,02,14,11,14,17.79,37.632821,-119.021273,4.957,0.5
2014,02,14,11,33,09.79,37.627633,-119.020866,5.088,-0.1
2014,02,14,12,07,35.76,37.611983,-119.015877,3.457,0.1
2014,02,14,12,21,17.81,37.653145,-118.979069,9.381,0.3
2014,02,14,12,21,53.04,37.634119,-119.021745,4.642,0.0
2014,02,14,12,25,28.79,37.633040,-119.021460,4.939,0.4
2014,02,14,13,00,31.67,37.630058,-119.035897,4.663,0.2
2014,02,14,13,05,41.31,37.629818,-119.035221,4.657,0.3
2014,02,14,14,01,16.27,37.630103,-119.022249,5.031,0.0
2014,02,14,14,05,20.49,37.630420,-119.021875,4.889,0.0
2014,02,14,14,07,33.43,37.632450,-119.021411,4.925,-0.2
2014,02,14,14,33,08.00,37.632585,-119.021606,4.899,1.5
2014,02,14,14,34,10.88,37.631694,-119.021688,4.938,0.4
2014,02,14,14,44,41.10,37.632869,-119.020679,4.942,0.0
2014,02,14,17,20,22.48,37.633008,-119.021224,4.938,0.0
2014,02,14,17,27,09.00,37.631490,-119.021183,4.924,-0.3
2014,02,14,17,37,51.68,37.629655,-119.022477,4.962,0.6
2014,02,14,17,53,52.28,37.632967,-119.021460,4.938,1.0
2014,02,14,18,57,42.52,37.633199,-119.021126,4.938,0.1
2014,02,14,19,52,49.32,37.629635,-119.022567,4.998,0.2
2014,02,14,20,18,22.28,37.633724,-119.033944,4.926,0.0
2014,02,14,20,22,59.16,37.630721,-119.034749,4.658,0.4
2014,02,14,21,09,19.54,37.629789,-119.022306,4.980,0.1
2014,02,14,21,14,30.00,37.633000,-119.021484,4.941,0.7
2014,02,14,21,27,51.52,37.631864,-119.021582,4.967,2.0
2014,02,14,21,45,58.52,37.632186,-119.021151,4.880,0.1
2014,02,14,22,03,30.22,37.626868,-119.021484,5.022,0.3
2014,02,14,23,25,24.38,37.626506,-119.021981,5.097,0.3
2014,02,14,23,50,02.56,37.630143,-119.022184,5.040,0.0
2014,02,15,00,58,54.41,37.626672,-119.021818,5.021,0.3
2014,02,15,01,38,23.75,37.629305,-119.022453,4.978,1.1
2014,02,15,01,56,47.51,37.630497,-119.022225,4.957,0.1
2014,02,15,02,00,19.76,37.630762,-119.021924,5.015,0.0
2014,02,15,02,03,15.56,37.630310,-119.021134,4.909,-0.1
2014,02,15,02,08,54.00,37.632764,-119.021427,4.935,0.4
2014,02,15,02,13,51.44,37.629667,-119.019710,4.721,0.1
2014,02,15,02,16,27.69,37.629504,-119.019474,4.708,-0.1
2014,02,15,02,17,01.23,37.628691,-119.019645,4.835,0.3
2014,02,15,02,20,13.45,37.629439,-119.019474,4.736,0.4
2014,02,15,02,22,19.25,37.629688,-119.019686,4.705,-0.2
2014,02,15,02,28,46.75,37.621029,-119.024219,1.940,0.1
2014,02,15,02,55,57.57,37.619482,-119.006087,3.608,-0.2
2014,02,15,03,05,35.80,37.630725,-119.021183,4.895,0.2
2014,02,15,03,49,58.96,37.619373,-119.005973,3.627,0.3
2014,02,15,04,18,00.89,37.629049,-119.022518,4.948,0.3
2014,02,15,04,55,20.47,37.633297,-119.021167,4.921,-0.2
2014,02,15,04,57,59.06,37.632874,-119.021427,4.931,0.4
2014,02,15,05,43,29.32,37.632772,-119.020752,4.956,0.1
2014,02,15,05,58,23.05,37.632617,-119.020964,4.950,-0.1
2014,02,15,07,55,41.05,37.630151,-119.022184,5.033,0.1
2014,02,15,08,04,06.78,37.630383,-119.022347,4.999,0.0
2014,02,15,08,52,10.58,37.629635,-119.023039,4.960,0.3
2014,02,15,09,12,29.57,37.629248,-119.024064,4.946,0.0
2014,02,15,09,24,49.72,37.630330,-119.023112,4.910,0.6
2014,02,15,09,26,01.90,37.630273,-119.023543,4.882,0.3
2014,02,15,09,27,42.27,37.630221,-119.022811,4.896,0.0
2014,02,15,09,27,55.70,37.624292,-119.013810,3.822,0.0
2014,02,15,09,33,37.26,37.624426,-119.014323,3.758,0.4
2014,02,15,09,34,28.86,37.624605,-119.014355,3.731,0.1
2014,02,15,09,42,05.71,37.624471,-119.013656,3.813,0.0
2014,02,15,09,50,05.85,37.621688,-119.016284,3.665,-0.1
2014,02,15,09,54,42.00,37.626746,-119.010303,3.456,0.0
2014,02,15,10,06,45.72,37.633105,-119.020972,4.936,0.1
2014,02,15,10,36,08.78,37.629765,-119.022632,5.004,0.6
2014,02,15,10,36,26.66,37.629289,-119.022380,4.966,1.0
2014,02,15,11,08,24.88,37.631474,-119.021313,4.952,0.3
2014,02,15,11,30,39.60,37.625061,-119.012907,3.728,0.1
2014,02,15,11,31,14.67,37.624666,-119.012191,3.791,0.2
2014,02,15,11,38,07.60,37.624687,-119.012150,3.787,0.3
2014,02,15,11,41,05.60,37.624569,-119.012207,3.802,-0.1
2014,02,15,11,41,11.83,37.624605,-119.012622,3.786,-0.1
2014,02,15,11,41,41.80,37.625049,-119.013371,3.715,0.1
2014,02,15,11,43,26.47,37.624898,-119.013118,3.746,0.1
2014,02,15,11,58,28.00,37.624882,-119.012150,3.770,0.3
2014,02,15,11,59,41.32,37.632800,-119.030599,4.459,-0.2
2014,02,15,12,02,42.31,37.624866,-119.012581,3.765,0.3
2014,02,15,12,13,23.06,37.625175,-119.013729,3.685,-0.2
2014,02,15,12,14,50.08,37.625167,-119.012842,3.715,-0.1
2014,02,15,12,21,19.30,37.632804,-119.020752,4.952,0.0
2014,02,15,12,43,45.44,37.625028,-119.012573,3.743,-0.1
2014,02,15,12,50,15.20,37.630375,-119.023299,4.843,0.0
2014,02,15,12,51,12.98,37.629936,-119.023641,4.880,-0.2
2014,02,15,13,00,18.78,37.625179,-119.012996,3.705,0.3
2014,02,15,13,01,28.39,37.625151,-119.013159,3.712,0.0
2014,02,15,13,15,55.09,37.625024,-119.013656,3.705,0.3
2014,02,15,13,17,34.14,37.625403,-119.013542,3.660,-0.2
2014,02,15,13,17,50.75,37.625138,-119.013908,3.672,-0.1
2014,02,15,13,21,46.02,37.624683,-119.015234,3.632,-0.2
2014,02,15,13,25,20.68,37.625301,-119.014347,3.607,0.2
2014,02,15,13,26,08.04,37.625317,-119.014266,3.604,0.3
2014,02,15,13,29,42.61,37.630623,-119.026465,6.615,-0.2
2014,02,15,14,09,47.16,37.633301,-119.021362,4.947,1.2
2014,02,15,14,15,55.43,37.625700,-119.013778,3.589,0.2
2014,02,15,14,16,26.80,37.625663,-119.013770,3.585,0.3
2014,02,15,14,19,52.83,37.625834,-119.013859,3.551,0.0
2014,02,15,14,24,07.04,37.625720,-119.013949,3.569,-0.1
2014,02,15,14,28,08.14,37.625358,-119.014510,3.568,0.4
2014,02,15,14,38,58.29,37.623836,-119.012882,3.624,0.1
2014,02,15,14,40,12.61,37.625655,-119.014217,3.558,-0.1
2014,02,15,14,53,23.72,37.627625,-119.023234,5.049,0.2
2014,02,15,15,10,15.78,37.619275,-119.022567,5.830,0.5
2014,02,15,15,10,23.52,37.633468,-119.022453,4.493,0.7
2014,02,15,15,16,50.71,37.618970,-119.006584,3.624,0.0
2014,02,15,15,57,25.06,37.622839,-119.012630,3.765,0.1
2014,02,15,15,59,05.82,37.624076,-119.014795,3.772,0.3
2014,02,15,15,59,15.90,37.624150,-119.014868,3.760,0.3
2014,02,15,16,02,18.90,37.624048,-119.014925,3.768,0.0
2014,02,15,16,03,44.13,37.624308,-119.014396,3.777,0.3
2014,02,15,16,05,03.03,37.624308,-119.015291,3.726,-0.1
2014,02,15,16,06,25.71,37.624162,-119.014478,3.733,0.5
2014,02,15,16,13,00.70,37.624032,-119.014185,3.872,0.3
2014,02,15,16,22,33.28,37.624369,-119.015487,3.700,0.7
2014,02,15,16,24,30.17,37.624365,-119.015072,3.716,0.5
2014,02,15,16,25,10.85,37.624471,-119.015853,3.633,0.5
2014,02,15,16,26,56.58,37.624479,-119.015226,3.679,0.5
2014,02,15,16,27,31.36,37.624491,-119.015983,3.620,0.6
2014,02,15,16,27,36.42,37.624451,-119.016089,3.626,0.6
2014,02,15,16,27,50.44,37.625130,-119.013875,3.660,1.4
2014,02,15,16,28,02.04,37.625252,-119.014282,3.619,0.3
2014,02,15,16,28,47.33,37.624577,-119.016577,3.586,0.2
2014,02,15,16,29,15.76,37.624353,-119.016056,3.640,0.5
2014,02,15,16,30,30.55,37.624605,-119.016309,3.588,0.3
2014,02,15,16,30,43.91,37.624345,-119.015885,3.669,-0.1
2014,02,15,16,34,12.83,37.625362,-119.014437,3.576,1.0
2014,02,15,16,35,57.74,37.624288,-119.015552,3.709,0.5
2014,02,15,16,36,35.86,37.624255,-119.015063,3.754,2.4
2014,02,15,16,38,03.04,37.625911,-119.013770,3.557,-0.1
2014,02,15,16,38,28.84,37.625895,-119.014079,3.526,0.5
2014,02,15,16,38,50.07,37.625163,-119.012199,3.736,-0.1
2014,02,15,16,41,08.60,37.624007,-119.013883,3.891,0.6
2014,02,15,16,43,47.11,37.624162,-119.014144,3.863,0.0
2014,02,15,16,47,54.75,37.625960,-119.015202,3.422,-0.1
2014,02,15,16,48,55.34,37.626050,-119.015234,3.413,0.6
2014,02,15,16,49,01.59,37.624036,-119.013835,3.901,0.7
2014,02,15,16,50,35.87,37.626396,-119.014868,3.378,0.6
2014,02,15,16,52,15.78,37.626408,-119.014705,3.396,0.8
2014,02,15,16,52,36.80,37.626351,-119.013859,3.494,0.9
2014,02,15,16,54,13.17,37.626013,-119.015666,3.354,0.2
2014,02,15,16,55,07.48,37.625826,-119.015666,3.342,0.0
2014,02,15,16,58,48.01,37.624634,-119.016325,3.578,0.9
2014,02,15,16,58,56.13,37.624475,-119.015780,3.639,0.6
2014,02,15,16,59,13.70,37.624097,-119.014779,3.789,0.7
2014,02,15,17,02,02.38,37.624418,-119.012931,3.928,-0.1
2014,02,15,17,03,56.32,37.623995,-119.013501,3.917,0.6
2014,02,15,17,11,38.32,37.625212,-119.013273,3.708,0.3
2014,02,15,17,38,32.24,37.629496,-119.022542,5.014,0.8
2014,02,15,18,12,06.00,37.630542,-119.021826,4.921,0.1
2014,02,15,18,36,52.96,37.619678,-119.005477,3.647,0.2
2014,02,15,19,01,57.88,37.619580,-119.005485,3.662,0.3
2014,02,15,19,54,57.84,37.619377,-119.006087,3.624,0.0
2014,02,15,20,16,57.12,37.632597,-119.021468,4.898,0.1
2014,02,15,20,31,17.88,37.633000,-119.021354,4.949,0.6
2014,02,15,20,56,48.12,37.619613,-119.006453,3.576,1.4
2014,02,15,21,49,39.24,37.619722,-119.006543,3.555,0.0
2014,02,15,22,01,04.08,37.638428,-119.020516,4.082,0.3
2014,02,15,22,21,01.60,37.633793,-119.023177,4.862,0.8
2014,02,15,22,21,46.80,37.630477,-119.026343,4.521,0.0
2014,02,16,00,50,35.10,37.628320,-119.015560,5.001,0.2
2014,02,16,00,56,19.84,37.632593,-119.021737,4.934,0.5
2014,02,16,01,09,10.39,37.633211,-119.021151,4.943,0.3
2014,02,16,01,39,30.79,37.619120,-119.005680,3.707,0.0
2014,02,16,01,47,39.52,37.631173,-119.021232,4.947,0.6
2014,02,16,01,49,00.00,37.630241,-119.021086,4.915,0.4
2014,02,16,01,51,36.12,37.631730,-119.021200,4.953,0.4
2014,02,16,02,16,14.30,37.629386,-119.022909,4.956,-0.1
2014,02,16,02,39,24.04,37.626835,-119.017814,3.219,-0.3
2014,02,16,03,01,18.34,37.628243,-119.015666,3.214,0.0
2014,02,16,03,02,45.11,37.626774,-119.017082,3.407,-0.1
2014,02,16,04,36,09.68,37.629460,-119.022550,5.013,1.1
2014,02,16,05,27,51.55,37.630949,-119.021924,5.027,-0.1
2014,02,16,05,45,56.92,37.597087,-119.052482,7.619,-0.2
2014,02,16,06,02,31.89,37.632800,-119.021403,4.940,0.4
2014,02,16,06,14,34.53,37.626428,-119.018042,3.113,1.0
2014,02,16,06,55,46.31,37.626477,-119.017741,3.069,0.6
2014,02,16,06,57,57.55,37.626379,-119.017733,3.032,0.5
2014,02,16,06,58,56.55,37.626424,-119.017692,3.014,-0.2
2014,02,16,07,00,51.46,37.630363,-119.026099,4.570,0.2
2014,02,16,07,06,17.32,37.626554,-119.017513,3.057,0.5
2014,02,16,07,18,56.29,37.626428,-119.017660,3.026,0.6
2014,02,16,07,19,49.77,37.626131,-119.018278,3.025,0.2
2014,02,16,07,28,40.23,37.632967,-119.021387,4.939,0.3
2014,02,16,07,30,17.91,37.626587,-119.017773,3.110,-0.2
2014,02,16,07,55,22.04,37.626412,-119.017057,2.978,0.2
2014,02,16,08,25,06.57,37.625651,-119.022371,5.216,0.3
2014,02,16,08,45,28.10,37.626501,-119.018547,3.121,0.2
2014,02,16,10,29,13.06,37.633350,-119.020858,4.917,0.1
2014,02,16,10,49,26.12,37.628996,-119.023413,5.001,-0.3
2014,02,16,11,22,52.95,37.636324,-119.033887,2.815,-0.1
2014,02,16,13,08,17.91,37.629810,-119.025106,4.832,-0.1
2014,02,16,13,18,17.12,37.630351,-119.021086,4.905,-0.1
2014,02,16,13,26,05.43,37.637272,-119.033700,2.799,0.2
2014,02,16,14,03,44.40,37.628975,-119.022827,5.068,0.1
2014,02,16,15,38,52.45,37.633317,-119.021281,4.937,1.0
2014,02,16,16,02,47.75,37.628906,-119.022803,5.074,0.0
2014,02,16,16,07,09.89,37.634224,-119.021273,4.903,0.1
2014,02,16,16,10,08.54,37.630184,-119.027279,4.667,0.4
2014,02,16,16,27,36.84,37.630257,-119.022591,4.931,0.7
2014,02,16,16,40,08.95,37.626571,-119.027132,5.573,0.0
2014,02,16,17,07,13.08,37.630440,-119.022184,4.948,0.4
2014,02,16,18,20,12.36,37.628634,-119.023234,5.068,0.3
2014,02,16,18,48,52.32,37.633061,-119.021419,4.968,0.5
2014,02,16,18,49,55.36,37.633683,-119.021419,4.956,1.1
2014,02,16,18,50,16.80,37.633846,-119.021501,4.947,1.1
2014,02,16,18,50,38.68,37.633809,-119.021712,4.959,0.3
2014,02,16,18,51,03.98,37.634082,-119.021769,4.920,0.6
2014,02,16,19,28,31.06,37.628935,-119.022664,5.028,0.4
2014,02,16,19,36,25.02,37.629362,-119.022380,4.996,0.6
2014,02,16,21,13,31.76,37.629012,-119.022811,5.068,0.1
2014,02,16,21,40,43.76,37.630550,-119.020833,4.889,0.2
2014,02,16,21,40,49.04,37.630253,-119.021086,4.888,0.3
2014,02,16,23,41,39.80,37.629468,-119.033398,4.486,0.2
2014,02,16,23,41,45.50,37.629801,-119.032935,4.645,-0.2
2014,02,16,23,53,34.44,37.638249,-119.033171,2.729,-0.2
2014,02,17,00,07,35.82,37.638338,-119.032983,2.757,0.4
2014,02,17,00,30,42.77,37.627559,-119.020801,5.223,0.3
2014,02,17,01,48,09.67,37.629146,-119.022713,5.041,0.2
2014,02,17,01,54,56.74,37.638033,-119.033154,2.764,0.3
2014,02,17,02,36,13.93,37.638208,-119.023307,3.775,-0.3
2014,02,17,02,58,19.08,37.631274,-119.023950,4.749,0.6
2014,02,17,03,03,59.74,37.635824,-119.024658,4.279,0.3
2014,02,17,04,00,38.51,37.630680,-119.023983,4.800,0.0
2014,02,17,04,15,46.76,37.630973,-119.025342,4.694,-0.2
2014,02,17,05,26,02.68,37.628764,-119.022510,5.013,0.2
2014,02,17,05,34,31.39,37.629350,-119.022461,4.996,0.6
2014,02,17,05,36,59.43,37.629114,-119.022770,5.045,0.1
2014,02,17,05,37,58.92,37.633081,-119.021061,4.934,-0.1
2014,02,17,06,21,28.39,37.630192,-119.021086,4.920,0.4
2014,02,17,06,41,06.68,37.629016,-119.023055,5.019,0.5
2014,02,17,06,52,25.83,37.631905,-119.021655,4.926,0.1
2014,02,17,07,23,13.28,37.632861,-119.021265,4.960,0.6
2014,02,17,08,19,39.07,37.629447,-119.023267,4.959,1.2
2014,02,17,08,22,15.75,37.629867,-119.024919,4.811,0.0
2014,02,17,08,28,59.10,37.633219,-119.021313,4.938,0.5
2014,02,17,08,34,21.49,37.629541,-119.024349,4.915,0.6
2014,02,17,08,34,57.87,37.629504,-119.025830,4.879,0.3
2014,02,17,08,36,37.59,37.629647,-119.023893,4.983,0.1
2014,02,17,08,38,12.51,37.628902,-119.024561,4.820,0.3
2014,02,17,08,40,19.56,37.628528,-119.025423,4.880,0.2
2014,02,17,08,43,57.06,37.630135,-119.023047,4.932,0.3
2014,02,17,08,58,27.42,37.629097,-119.024951,4.960,-0.1
2014,02,17,09,05,12.85,37.629203,-119.022591,5.036,0.2
2014,02,17,09,14,13.24,37.625838,-119.019621,0.713,0.2
2014,02,17,09,14,43.95,37.622713,-119.037402,4.676,0.5
2014,02,17,09,42,43.25,37.634875,-119.031283,2.675,0.2
2014,02,17,09,43,25.63,37.631551,-119.021257,4.945,0.4
2014,02,17,09,43,45.40,37.631177,-119.021183,4.941,0.2
2014,02,17,09,50,24.45,37.628121,-119.023519,5.079,0.2
2014,02,17,10,00,55.88,37.627616,-119.024447,1.654,0.7
2014,02,17,10,15,43.88,37.629663,-119.022965,4.962,-0.1
2014,02,17,11,55,09.90,37.628800,-119.025928,4.911,1.5
2014,02,17,12,53,13.20,37.629081,-119.022721,5.051,0.1
2014,02,17,12,55,13.81,37.589217,-119.009448,4.122,-0.1
2014,02,17,17,32,48.40,37.629102,-119.022778,5.060,0.2
2014,02,17,20,42,20.36,37.633061,-119.020988,4.964,0.1
2014,02,17,20,50,53.08,37.629020,-119.022762,5.063,0.0
2014,02,17,22,21,03.00,37.629102,-119.031746,4.798,0.5
2014,02,17,22,21,13.96,37.629220,-119.031543,4.785,0.7
2014,02,17,22,43,30.56,37.629333,-119.022713,4.990,0.1
2014,02,17,23,00,29.76,37.628536,-119.022876,5.006,1.0
2014,02,18,00,37,24.24,37.628955,-119.031242,9.883,0.3
2014,02,18,01,06,09.56,37.628402,-119.023600,5.121,0.9
2014,02,18,02,34,12.34,37.632992,-119.021509,4.942,0.7
2014,02,18,02,45,51.25,37.632597,-119.021183,4.932,0.2
2014,02,18,04,17,51.67,37.629423,-119.022583,5.005,0.4
2014,02,18,05,36,35.67,37.633183,-119.021183,4.931,0.5
2014,02,18,08,05,53.78,37.629134,-119.022664,5.042,0.2
2014,02,18,11,34,10.57,37.627608,-119.023413,5.055,0.2
2014,02,18,19,17,58.70,37.629004,-119.022184,5.019,0.5
2014,02,18,19,55,52.04,37.633228,-119.021134,4.934,0.2
2014,02,18,19,58,12.56,37.646452,-119.032894,2.261,0.3
2014,02,18,20,09,16.40,37.646403,-119.032959,2.258,0.2
2014,02,18,20,46,43.20,37.623486,-119.026611,4.211,-0.1
